//arm station octant half gap plane channel
0 0 0 1 1 0 1
0 1 0 0 1 2 3
0 1 0 0 1 2 4
0 1 0 0 2 2 7
0 1 0 1 0 0 6
0 1 0 1 0 0 7
0 1 0 1 0 0 73
0 1 0 1 0 2 2
0 1 0 1 2 0 76
0 1 0 1 2 0 77
0 1 0 1 2 2 74
0 1 1 0 0 0 77
0 1 1 0 0 2 4
0 1 1 0 0 2 5
0 1 1 0 0 2 6
0 1 1 0 1 0 77
0 1 1 0 1 2 78
0 1 1 0 2 0 1
0 1 1 0 2 0 4
0 1 1 0 2 2 10
0 1 1 0 2 2 5
0 1 1 0 2 2 6
0 1 1 1 0 0 2
0 1 1 1 0 0 76
0 1 1 1 0 0 77
0 1 1 1 0 0 78
0 1 1 1 0 2 64
0 1 1 1 0 2 65
0 1 1 1 0 2 66
0 1 1 1 0 2 67
0 1 1 1 0 2 68
0 1 1 1 0 2 69
0 1 1 1 0 2 70
0 1 1 1 0 2 71
0 1 1 1 0 2 72
0 1 1 1 0 2 73
0 1 1 1 0 2 74
0 1 1 1 0 2 75
0 1 1 1 0 2 76
0 1 1 1 1 0 77
0 1 1 1 1 0 78
0 1 1 1 1 2 74
0 1 1 1 2 0 2
0 1 1 1 2 0 78
0 1 1 1 2 2 64
0 1 1 1 2 2 65
0 1 1 1 2 2 66
0 1 1 1 2 2 67
0 1 1 1 2 2 68
0 1 1 1 2 2 69
0 1 1 1 2 2 70
0 1 1 1 2 2 71
0 1 2 0 1 0 3
0 1 2 0 1 0 76
0 1 2 0 1 0 77
0 1 2 0 1 2 5
0 1 2 0 1 2 6
0 1 2 0 2 0 76
0 1 2 0 2 0 77
0 1 2 1 0 0 2
0 1 2 1 0 0 73
0 1 2 1 0 0 78
0 1 2 1 0 2 71
0 1 2 1 0 2 75
0 1 2 1 0 2 76
0 1 2 1 1 0 2
0 1 2 1 1 0 73
0 1 2 1 1 0 78
0 1 2 1 1 2 71
0 1 2 1 1 2 72
0 1 2 1 1 2 77
0 1 2 1 1 2 78
0 1 2 1 2 0 72
0 1 2 1 2 0 73
0 1 2 1 2 0 74
0 1 2 1 2 0 75
0 1 2 1 2 0 78
0 1 2 1 2 2 68
0 1 2 1 2 2 71
0 1 3 0 0 0 1
0 1 3 0 0 0 2
0 1 3 0 0 0 77
0 1 3 0 0 2 4
0 1 3 0 0 2 6
0 1 3 0 0 2 78
0 1 3 0 1 0 2
0 1 3 0 1 2 4
0 1 3 0 2 0 1
0 1 3 0 2 0 2
0 1 3 0 2 2 7
0 1 3 1 0 0 2
0 1 3 1 0 2 76
0 1 3 1 0 2 77
0 1 3 1 1 0 1
0 1 3 1 1 2 1
0 1 3 1 2 2 74
0 1 3 1 2 2 75
0 1 3 1 2 2 76
0 1 4 0 0 0 3
0 1 4 0 0 0 77
0 1 4 0 1 0 3
0 1 4 0 1 2 4
0 1 4 0 1 2 78
0 1 4 0 2 0 3
0 1 4 0 2 0 77
0 1 4 1 0 0 2
0 1 4 1 0 2 73
0 1 4 1 1 0 2
0 1 4 1 2 0 72
0 1 4 1 2 0 76
0 1 4 1 2 0 77
0 1 4 1 2 2 74
0 1 5 0 0 0 1
0 1 5 0 0 0 76
0 1 5 0 0 0 77
0 1 5 0 0 2 4
0 1 5 0 0 2 5
0 1 5 0 0 2 6
0 1 5 0 0 2 8
0 1 5 0 0 2 9
0 1 5 0 1 0 1
0 1 5 0 1 0 77
0 1 5 0 1 2 77
0 1 5 0 1 2 78
0 1 5 0 2 0 1
0 1 5 0 2 0 76
0 1 5 0 2 0 77
0 1 5 0 2 2 6
0 1 5 0 2 2 7
0 1 5 1 0 0 2
0 1 5 1 0 0 3
0 1 5 1 0 0 4
0 1 5 1 0 2 75
0 1 5 1 0 2 76
0 1 5 1 0 2 77
0 1 5 1 1 0 2
0 1 5 1 1 2 1
0 1 5 1 1 2 77
0 1 5 1 1 2 78
0 1 5 1 2 0 2
0 1 5 1 2 0 3
0 1 5 1 2 2 74
0 1 5 1 2 2 75
0 1 5 1 2 2 76
0 1 6 0 0 0 2
0 1 6 0 0 0 3
0 1 6 0 0 2 6
0 1 6 0 0 2 7
0 1 6 0 1 0 3
0 1 6 0 1 2 4
0 1 6 0 1 2 5
0 1 6 0 2 0 1
0 1 6 0 2 0 2
0 1 6 0 2 0 3
0 1 6 0 2 2 8
0 1 7 0 0 0 2
0 1 7 0 0 0 3
0 1 7 0 0 0 4
0 1 7 0 0 2 5
0 1 7 0 0 2 6
0 1 7 0 0 2 7
0 1 7 0 1 0 2
0 1 7 0 1 0 3
0 1 7 0 1 2 4
0 1 7 0 2 0 2
0 1 7 0 2 0 3
0 1 7 0 2 0 4
0 1 7 0 2 2 6
0 1 7 0 2 2 7
0 1 7 1 0 2 76
0 1 7 1 0 2 77
0 2 0 0 0 0 117
0 2 0 0 0 0 118
0 2 0 0 0 2 1
0 2 0 0 0 2 118
0 2 0 0 0 2 2
0 2 0 0 0 2 3
0 2 0 0 1 0 117
0 2 0 0 1 0 118
0 2 0 0 1 2 1
0 2 0 0 1 2 118
0 2 0 0 1 2 4
0 2 0 1 0 0 3
0 2 0 1 0 0 4
0 2 0 1 0 2 114
0 2 0 1 1 0 2
0 2 0 1 1 0 3
0 2 0 1 1 0 4
0 2 0 1 1 2 3
0 2 1 0 0 0 115
0 2 1 0 0 2 1
0 2 1 0 0 2 2
0 2 1 0 1 0 116
0 2 1 0 1 0 117
0 2 1 0 1 2 1
0 2 1 0 1 2 2
0 2 1 0 1 2 4
0 2 1 1 0 0 1
0 2 1 1 0 0 2
0 2 1 1 0 0 6
0 2 1 1 0 2 113
0 2 1 1 0 2 114
0 2 1 1 0 2 116
0 2 1 1 0 2 117
0 2 1 1 0 2 118
0 2 1 1 0 2 3
0 2 1 1 1 0 1
0 2 1 1 1 0 5
0 2 1 1 1 0 6
0 2 1 1 1 0 7
0 2 1 1 1 0 8
0 2 1 1 1 2 116
0 2 1 1 1 2 117
0 2 1 1 1 2 2
0 2 2 0 0 0 101
0 2 2 0 0 0 102
0 2 2 0 0 0 103
0 2 2 0 0 0 104
0 2 2 0 0 0 105
0 2 2 0 0 0 107
0 2 2 0 0 0 108
0 2 2 0 0 0 110
0 2 2 0 0 0 111
0 2 2 0 0 0 112
0 2 2 0 0 0 113
0 2 2 0 0 0 114
0 2 2 0 0 0 115
0 2 2 0 0 0 116
0 2 2 0 0 0 117
0 2 2 0 0 0 118
0 2 2 0 0 0 95
0 2 2 0 0 0 96
0 2 2 0 0 0 97
0 2 2 0 0 2 100
0 2 2 0 0 2 101
0 2 2 0 0 2 110
0 2 2 0 0 2 111
0 2 2 0 0 2 112
0 2 2 0 0 2 116
0 2 2 0 0 2 117
0 2 2 0 0 2 2
0 2 2 0 0 2 3
0 2 2 0 0 2 4
0 2 2 0 1 0 107
0 2 2 0 1 0 108
0 2 2 0 1 0 109
0 2 2 0 1 0 110
0 2 2 0 1 0 111
0 2 2 0 1 0 112
0 2 2 0 1 0 113
0 2 2 0 1 0 114
0 2 2 0 1 0 115
0 2 2 0 1 0 116
0 2 2 0 1 0 117
0 2 2 0 1 0 118
0 2 2 0 1 0 48
0 2 2 0 1 0 49
0 2 2 0 1 0 50
0 2 2 0 1 0 51
0 2 2 0 1 0 52
0 2 2 0 1 0 53
0 2 2 0 1 0 54
0 2 2 0 1 0 55
0 2 2 0 1 0 57
0 2 2 0 1 0 58
0 2 2 0 1 0 61
0 2 2 0 1 0 63
0 2 2 0 1 2 112
0 2 2 0 1 2 114
0 2 2 0 1 2 115
0 2 2 0 1 2 116
0 2 2 0 1 2 117
0 2 2 0 1 2 118
0 2 2 0 1 2 2
0 2 2 0 1 2 3
0 2 2 0 1 2 48
0 2 2 0 1 2 49
0 2 2 0 1 2 51
0 2 2 0 1 2 53
0 2 2 0 1 2 54
0 2 2 0 1 2 55
0 2 2 1 0 0 1
0 2 2 1 0 0 10
0 2 2 1 0 0 11
0 2 2 1 0 0 12
0 2 2 1 0 0 13
0 2 2 1 0 0 2
0 2 2 1 0 0 21
0 2 2 1 0 0 22
0 2 2 1 0 0 3
0 2 2 1 0 0 31
0 2 2 1 0 0 36
0 2 2 1 0 0 37
0 2 2 1 0 0 4
0 2 2 1 0 0 5
0 2 2 1 0 0 6
0 2 2 1 0 0 7
0 2 2 1 0 0 8
0 2 2 1 0 2 10
0 2 2 1 0 2 103
0 2 2 1 0 2 104
0 2 2 1 0 2 105
0 2 2 1 0 2 115
0 2 2 1 0 2 116
0 2 2 1 0 2 117
0 2 2 1 0 2 118
0 2 2 1 0 2 2
0 2 2 1 0 2 5
0 2 2 1 0 2 6
0 2 2 1 0 2 7
0 2 2 1 0 2 9
0 2 2 1 1 0 10
0 2 2 1 1 0 11
0 2 2 1 1 0 2
0 2 2 1 1 0 3
0 2 2 1 1 0 4
0 2 2 1 1 0 5
0 2 2 1 1 0 6
0 2 2 1 1 0 7
0 2 2 1 1 0 8
0 2 2 1 1 0 9
0 2 2 1 1 2 117
0 2 2 1 1 2 118
0 2 2 1 1 2 5
0 2 2 1 1 2 6
0 2 3 0 0 0 118
0 2 3 0 0 2 1
0 2 3 0 0 2 2
0 2 3 0 0 2 3
0 2 3 0 0 2 4
0 2 3 0 0 2 5
0 2 3 0 0 2 6
0 2 3 0 1 2 2
0 2 3 0 1 2 3
0 2 3 0 1 2 4
0 2 3 0 1 2 5
0 2 3 1 0 2 118
0 2 3 1 1 0 4
0 2 3 1 1 2 118
0 2 4 0 0 0 115
0 2 4 0 0 0 116
0 2 4 0 0 0 117
0 2 4 0 0 2 1
0 2 4 0 0 2 116
0 2 4 0 0 2 117
0 2 4 0 0 2 118
0 2 4 0 0 2 3
0 2 4 0 1 0 115
0 2 4 0 1 0 116
0 2 4 0 1 0 117
0 2 4 0 1 0 118
0 2 4 0 1 2 1
0 2 4 0 1 2 116
0 2 4 0 1 2 117
0 2 4 0 1 2 118
0 2 4 0 1 2 2
0 2 4 1 0 0 1
0 2 4 1 0 0 2
0 2 4 1 0 2 2
0 2 4 1 1 0 1
0 2 4 1 1 2 2
0 2 5 0 0 0 117
0 2 5 0 0 0 118
0 2 5 0 0 2 1
0 2 5 0 0 2 117
0 2 5 0 0 2 2
0 2 5 0 0 2 5
0 2 5 0 0 2 6
0 2 5 0 0 2 8
0 2 5 0 1 0 108
0 2 5 0 1 2 113
0 2 5 0 1 2 6
0 2 5 0 1 2 7
0 2 5 1 0 0 8
0 2 5 1 0 2 116
0 2 5 1 0 2 117
0 2 5 1 0 2 118
0 2 5 1 0 2 2
0 2 5 1 1 2 113
0 2 5 1 1 2 114
0 2 6 0 0 0 110
0 2 6 0 0 0 113
0 2 6 0 0 0 114
0 2 6 0 0 0 115
0 2 6 0 0 0 116
0 2 6 0 0 0 117
0 2 6 0 0 2 1
0 2 6 0 0 2 116
0 2 6 0 0 2 117
0 2 6 0 0 2 2
0 2 6 0 0 2 3
0 2 6 0 0 2 4
0 2 6 0 0 2 5
0 2 6 0 0 2 6
0 2 6 0 1 0 114
0 2 6 0 1 0 115
0 2 6 0 1 0 118
0 2 6 0 1 2 118
0 2 6 0 1 2 2
0 2 6 0 1 2 3
0 2 6 0 1 2 4
0 2 6 1 0 0 1
0 2 6 1 0 0 14
0 2 6 1 0 0 4
0 2 6 1 0 0 5
0 2 6 1 0 0 6
0 2 6 1 0 0 7
0 2 6 1 0 0 8
0 2 6 1 0 2 115
0 2 6 1 0 2 2
0 2 6 1 0 2 3
0 2 6 1 0 2 4
0 2 6 1 0 2 5
0 2 6 1 1 0 13
0 2 6 1 1 0 14
0 2 6 1 1 0 2
0 2 6 1 1 0 3
0 2 6 1 1 0 4
0 2 6 1 1 0 5
0 2 6 1 1 0 6
0 2 6 1 1 0 7
0 2 6 1 1 0 8
0 2 6 1 1 2 115
0 2 6 1 1 2 116
0 2 6 1 1 2 117
0 2 6 1 1 2 118
0 2 6 1 1 2 2
0 2 6 1 1 2 3
0 2 6 1 1 2 4
0 2 6 1 1 2 5
0 2 7 0 0 2 2
0 2 7 0 0 2 3
0 2 7 0 0 2 4
0 2 7 0 1 2 1
0 2 7 0 1 2 2
0 2 7 0 1 2 3
0 2 7 0 1 2 6
0 2 7 1 0 0 1
0 2 7 1 0 2 117
0 2 7 1 0 2 2
0 2 7 1 1 2 116
0 2 7 1 1 2 117
0 2 7 1 1 2 2
1 0 0 1 1 2 45
1 0 0 1 1 2 48
1 0 2 0 1 0 43
1 0 2 0 2 0 44
1 0 5 0 1 2 8
1 0 5 0 2 0 6
1 0 5 0 2 0 7
1 0 6 1 0 2 49
1 0 6 1 1 0 48
1 0 6 1 1 2 49
1 0 6 1 2 0 48
1 0 6 1 2 2 49
1 0 7 1 0 2 44
1 0 7 1 1 2 44
1 0 7 1 2 0 42
1 0 7 1 2 0 43
1 0 7 1 2 2 44
1 1 0 0 0 0 3
1 1 0 0 0 0 6
1 1 0 0 0 0 7
1 1 0 0 0 0 8
1 1 0 0 0 0 91
1 1 0 0 0 2 11
1 1 0 0 0 2 12
1 1 0 0 1 0 10
1 1 0 0 1 0 4
1 1 0 0 1 0 5
1 1 0 0 1 0 6
1 1 0 0 1 0 7
1 1 0 0 1 0 8
1 1 0 0 1 0 9
1 1 0 0 1 2 10
1 1 0 0 1 2 6
1 1 0 0 1 2 7
1 1 0 0 1 2 8
1 1 0 0 1 2 9
1 1 0 0 2 0 3
1 1 0 0 2 0 6
1 1 0 0 2 0 7
1 1 0 0 2 0 8
1 1 0 0 2 2 11
1 1 0 0 2 2 12
1 1 0 0 2 2 13
1 1 0 0 2 2 29
1 1 0 0 2 2 9
1 1 0 1 0 0 2
1 1 0 1 0 0 91
1 1 0 1 0 0 92
1 1 0 1 0 0 93
1 1 0 1 0 2 89
1 1 0 1 1 0 2
1 1 0 1 1 0 3
1 1 0 1 1 0 66
1 1 0 1 1 0 67
1 1 0 1 1 0 90
1 1 0 1 1 0 91
1 1 0 1 1 0 92
1 1 0 1 1 0 93
1 1 0 1 1 2 2
1 1 0 1 1 2 6
1 1 0 1 1 2 89
1 1 0 1 1 2 90
1 1 0 1 1 2 91
1 1 0 1 2 0 2
1 1 0 1 2 0 92
1 1 0 1 2 0 93
1 1 0 1 2 2 84
1 1 0 1 2 2 85
1 1 0 1 2 2 86
1 1 0 1 2 2 87
1 1 2 0 0 0 10
1 1 2 0 0 0 4
1 1 2 0 0 0 5
1 1 2 0 0 0 6
1 1 2 0 0 0 7
1 1 2 0 0 0 8
1 1 2 0 0 0 9
1 1 2 0 0 0 90
1 1 2 0 0 0 92
1 1 2 0 0 0 93
1 1 2 0 0 2 10
1 1 2 0 0 2 11
1 1 2 0 0 2 12
1 1 2 0 0 2 13
1 1 2 0 0 2 14
1 1 2 0 0 2 15
1 1 2 0 0 2 6
1 1 2 0 0 2 7
1 1 2 0 0 2 8
1 1 2 0 0 2 9
1 1 2 0 1 0 10
1 1 2 0 1 0 2
1 1 2 0 1 0 3
1 1 2 0 1 0 7
1 1 2 0 1 0 8
1 1 2 0 1 0 9
1 1 2 0 1 0 91
1 1 2 0 1 2 10
1 1 2 0 1 2 13
1 1 2 0 1 2 4
1 1 2 0 1 2 5
1 1 2 0 1 2 9
1 1 2 0 1 2 92
1 1 2 0 1 2 93
1 1 2 0 2 0 10
1 1 2 0 2 0 6
1 1 2 0 2 0 7
1 1 2 0 2 0 8
1 1 2 0 2 0 9
1 1 2 0 2 0 93
1 1 2 0 2 2 10
1 1 2 0 2 2 11
1 1 2 0 2 2 12
1 1 2 0 2 2 13
1 1 2 0 2 2 14
1 1 2 0 2 2 15
1 1 2 0 2 2 16
1 1 2 0 2 2 17
1 1 2 0 2 2 18
1 1 2 0 2 2 9
1 1 2 1 0 0 4
1 1 2 1 0 0 6
1 1 2 1 0 0 88
1 1 2 1 0 0 89
1 1 2 1 0 0 90
1 1 2 1 0 0 91
1 1 2 1 0 0 92
1 1 2 1 0 0 93
1 1 2 1 0 2 2
1 1 2 1 0 2 86
1 1 2 1 0 2 87
1 1 2 1 0 2 88
1 1 2 1 0 2 89
1 1 2 1 1 0 2
1 1 2 1 1 0 3
1 1 2 1 1 0 4
1 1 2 1 1 0 6
1 1 2 1 1 0 7
1 1 2 1 1 0 87
1 1 2 1 1 0 92
1 1 2 1 1 0 93
1 1 2 1 1 2 4
1 1 2 1 1 2 90
1 1 2 1 1 2 91
1 1 2 1 2 0 2
1 1 2 1 2 0 3
1 1 2 1 2 0 4
1 1 2 1 2 0 6
1 1 2 1 2 0 89
1 1 2 1 2 0 90
1 1 2 1 2 0 91
1 1 2 1 2 0 92
1 1 2 1 2 0 93
1 1 2 1 2 2 83
1 1 2 1 2 2 84
1 1 2 1 2 2 85
1 1 2 1 2 2 87
1 1 2 1 2 2 88
1 1 3 0 0 2 5
1 1 3 0 1 0 75
1 1 3 0 1 2 2
1 1 3 0 2 0 1
1 1 3 0 2 0 92
1 1 3 0 2 0 93
1 1 3 1 0 0 2
1 1 3 1 0 0 90
1 1 3 1 0 0 91
1 1 3 1 0 0 92
1 1 3 1 0 2 1
1 1 3 1 0 2 86
1 1 3 1 0 2 87
1 1 3 1 0 2 88
1 1 3 1 0 2 89
1 1 3 1 0 2 90
1 1 3 1 1 0 2
1 1 3 1 1 0 89
1 1 3 1 1 0 90
1 1 3 1 1 0 91
1 1 3 1 1 0 92
1 1 3 1 1 0 93
1 1 3 1 1 2 1
1 1 3 1 1 2 88
1 1 3 1 1 2 89
1 1 3 1 1 2 90
1 1 3 1 1 2 91
1 1 3 1 2 0 2
1 1 3 1 2 0 5
1 1 3 1 2 0 90
1 1 3 1 2 0 91
1 1 3 1 2 0 93
1 1 3 1 2 0 94
1 1 3 1 2 2 81
1 1 3 1 2 2 82
1 1 3 1 2 2 83
1 1 3 1 2 2 84
1 1 3 1 2 2 85
1 1 3 1 2 2 86
1 1 3 1 2 2 87
1 1 3 1 2 2 88
1 1 4 0 0 0 6
1 1 4 0 0 0 8
1 1 4 0 0 0 93
1 1 4 0 0 2 11
1 1 4 0 0 2 15
1 1 4 0 0 2 6
1 1 4 0 0 2 7
1 1 4 0 0 2 94
1 1 4 0 1 0 5
1 1 4 0 1 0 6
1 1 4 0 1 0 93
1 1 4 0 2 0 2
1 1 4 0 2 0 3
1 1 4 0 2 0 6
1 1 4 0 2 0 7
1 1 4 0 2 0 93
1 1 4 0 2 2 11
1 1 4 0 2 2 12
1 1 4 0 2 2 13
1 1 4 0 2 2 69
1 1 4 0 2 2 72
1 1 4 0 2 2 77
1 1 4 1 0 0 2
1 1 4 1 0 0 93
1 1 4 1 0 2 87
1 1 4 1 0 2 88
1 1 4 1 1 0 2
1 1 4 1 2 0 2
1 1 4 1 2 0 51
1 1 4 1 2 0 91
1 1 4 1 2 0 92
1 1 4 1 2 2 84
1 1 4 1 2 2 85
1 1 4 1 2 2 86
1 1 4 1 2 2 87
1 1 5 0 0 2 4
1 1 5 0 0 2 5
1 1 5 0 0 2 6
1 1 5 0 1 2 2
1 1 5 0 1 2 3
1 1 5 0 1 2 93
1 1 5 0 2 0 2
1 1 5 0 2 2 5
1 1 5 0 2 2 6
1 1 5 1 1 0 2
1 1 5 1 1 0 3
1 1 6 0 0 0 3
1 1 6 0 0 0 4
1 1 6 0 0 0 8
1 1 6 0 0 0 9
1 1 6 0 0 2 13
1 1 6 0 0 2 15
1 1 6 0 0 2 7
1 1 6 0 0 2 8
1 1 6 0 0 2 9
1 1 6 0 0 2 94
1 1 6 0 1 0 2
1 1 6 0 1 0 3
1 1 6 0 1 0 4
1 1 6 0 1 0 5
1 1 6 0 1 0 6
1 1 6 0 1 0 7
1 1 6 0 1 0 8
1 1 6 0 1 0 9
1 1 6 0 1 0 92
1 1 6 0 1 0 93
1 1 6 0 1 2 10
1 1 6 0 1 2 11
1 1 6 0 1 2 4
1 1 6 0 1 2 5
1 1 6 0 1 2 6
1 1 6 0 1 2 7
1 1 6 0 1 2 8
1 1 6 0 1 2 9
1 1 6 0 1 2 93
1 1 6 0 2 0 2
1 1 6 0 2 0 3
1 1 6 0 2 0 4
1 1 6 0 2 0 5
1 1 6 0 2 0 7
1 1 6 0 2 0 8
1 1 6 0 2 0 9
1 1 6 0 2 0 90
1 1 6 0 2 0 92
1 1 6 0 2 0 93
1 1 6 0 2 2 10
1 1 6 0 2 2 11
1 1 6 0 2 2 13
1 1 6 0 2 2 14
1 1 6 0 2 2 16
1 1 6 0 2 2 8
1 1 6 0 2 2 9
1 1 6 1 0 0 2
1 1 6 1 0 0 3
1 1 6 1 0 0 4
1 1 6 1 0 0 5
1 1 6 1 0 0 87
1 1 6 1 0 0 88
1 1 6 1 0 2 1
1 1 6 1 0 2 83
1 1 6 1 0 2 84
1 1 6 1 0 2 85
1 1 6 1 0 2 86
1 1 6 1 0 2 87
1 1 6 1 0 2 88
1 1 6 1 0 2 89
1 1 6 1 1 0 2
1 1 6 1 1 0 3
1 1 6 1 1 0 4
1 1 6 1 1 0 5
1 1 6 1 1 0 87
1 1 6 1 1 0 90
1 1 6 1 1 0 91
1 1 6 1 1 0 92
1 1 6 1 1 0 93
1 1 6 1 1 2 2
1 1 6 1 1 2 3
1 1 6 1 1 2 85
1 1 6 1 1 2 86
1 1 6 1 1 2 87
1 1 6 1 1 2 88
1 1 6 1 1 2 89
1 1 6 1 1 2 90
1 1 6 1 2 0 2
1 1 6 1 2 0 3
1 1 6 1 2 0 4
1 1 6 1 2 0 5
1 1 6 1 2 0 6
1 1 6 1 2 0 90
1 1 6 1 2 0 91
1 1 6 1 2 0 92
1 1 6 1 2 2 80
1 1 6 1 2 2 81
1 1 6 1 2 2 82
1 1 6 1 2 2 83
1 1 6 1 2 2 84
1 1 6 1 2 2 85
1 1 6 1 2 2 86
1 1 6 1 2 2 87
1 1 6 1 2 2 88
1 1 7 0 0 0 2
1 1 7 0 0 0 3
1 1 7 0 0 0 93
1 1 7 0 0 2 4
1 1 7 0 0 2 5
1 1 7 0 0 2 6
1 1 7 0 1 2 2
1 1 7 0 2 0 92
1 1 7 0 2 0 93
1 1 7 0 2 2 5
1 1 7 0 2 2 6
1 1 7 0 2 2 72
1 1 7 1 0 0 2
1 1 7 1 0 0 90
1 1 7 1 0 0 94
1 1 7 1 0 2 86
1 1 7 1 0 2 89
1 1 7 1 0 2 92
1 1 7 1 1 0 2
1 1 7 1 1 0 94
1 1 7 1 1 2 86
1 1 7 1 1 2 88
1 1 7 1 2 0 93
1 1 7 1 2 0 94
1 1 7 1 2 2 18
1 1 7 1 2 2 83
1 2 0 0 0 0 151
1 2 0 0 0 0 152
1 2 0 0 0 0 153
1 2 0 0 0 0 154
1 2 0 0 0 0 155
1 2 0 0 0 0 156
1 2 0 0 0 2 155
1 2 0 0 0 2 156
1 2 0 0 0 2 157
1 2 0 0 0 2 2
1 2 0 0 0 2 3
1 2 0 0 0 2 4
1 2 0 0 0 2 5
1 2 0 0 1 0 152
1 2 0 0 1 0 153
1 2 0 0 1 0 154
1 2 0 0 1 0 155
1 2 0 0 1 0 156
1 2 0 0 1 2 1
1 2 0 0 1 2 156
1 2 0 0 1 2 157
1 2 0 0 1 2 158
1 2 0 0 1 2 2
1 2 0 0 1 2 3
1 2 0 0 1 2 4
1 2 0 1 0 0 4
1 2 0 1 0 0 5
1 2 0 1 0 0 8
1 2 0 1 0 2 156
1 2 0 1 0 2 157
1 2 0 1 0 2 158
1 2 0 1 0 2 3
1 2 0 1 1 0 3
1 2 0 1 1 0 4
1 2 0 1 1 0 5
1 2 0 1 1 0 8
1 2 0 1 1 2 154
1 2 0 1 1 2 157
1 2 0 1 1 2 2
1 2 0 1 1 2 3
1 2 2 0 0 0 135
1 2 2 0 0 0 136
1 2 2 0 0 0 137
1 2 2 0 0 0 138
1 2 2 0 0 0 139
1 2 2 0 0 0 140
1 2 2 0 0 0 141
1 2 2 0 0 0 144
1 2 2 0 0 0 145
1 2 2 0 0 0 146
1 2 2 0 0 0 147
1 2 2 0 0 0 148
1 2 2 0 0 0 149
1 2 2 0 0 0 150
1 2 2 0 0 0 151
1 2 2 0 0 0 152
1 2 2 0 0 0 153
1 2 2 0 0 0 154
1 2 2 0 0 0 155
1 2 2 0 0 0 156
1 2 2 0 0 2 1
1 2 2 0 0 2 148
1 2 2 0 0 2 149
1 2 2 0 0 2 153
1 2 2 0 0 2 154
1 2 2 0 0 2 155
1 2 2 0 0 2 156
1 2 2 0 0 2 157
1 2 2 0 0 2 7
1 2 2 0 1 0 135
1 2 2 0 1 0 136
1 2 2 0 1 0 137
1 2 2 0 1 0 138
1 2 2 0 1 0 139
1 2 2 0 1 0 140
1 2 2 0 1 0 141
1 2 2 0 1 0 142
1 2 2 0 1 0 143
1 2 2 0 1 0 144
1 2 2 0 1 0 145
1 2 2 0 1 0 146
1 2 2 0 1 0 147
1 2 2 0 1 0 148
1 2 2 0 1 0 149
1 2 2 0 1 0 150
1 2 2 0 1 0 151
1 2 2 0 1 0 152
1 2 2 0 1 0 153
1 2 2 0 1 0 154
1 2 2 0 1 0 155
1 2 2 0 1 2 1
1 2 2 0 1 2 149
1 2 2 0 1 2 150
1 2 2 0 1 2 151
1 2 2 0 1 2 152
1 2 2 0 1 2 153
1 2 2 0 1 2 154
1 2 2 0 1 2 155
1 2 2 0 1 2 156
1 2 2 0 1 2 157
1 2 2 0 1 2 2
1 2 2 0 1 2 3
1 2 2 1 0 0 1
1 2 2 1 0 0 10
1 2 2 1 0 0 11
1 2 2 1 0 0 12
1 2 2 1 0 0 15
1 2 2 1 0 0 16
1 2 2 1 0 0 17
1 2 2 1 0 0 18
1 2 2 1 0 0 2
1 2 2 1 0 0 3
1 2 2 1 0 0 4
1 2 2 1 0 0 5
1 2 2 1 0 0 6
1 2 2 1 0 0 7
1 2 2 1 0 0 8
1 2 2 1 0 0 9
1 2 2 1 0 2 1
1 2 2 1 0 2 153
1 2 2 1 0 2 154
1 2 2 1 0 2 158
1 2 2 1 0 2 2
1 2 2 1 0 2 3
1 2 2 1 0 2 4
1 2 2 1 0 2 5
1 2 2 1 1 0 1
1 2 2 1 1 0 10
1 2 2 1 1 0 11
1 2 2 1 1 0 14
1 2 2 1 1 0 19
1 2 2 1 1 0 2
1 2 2 1 1 0 3
1 2 2 1 1 0 4
1 2 2 1 1 0 5
1 2 2 1 1 0 6
1 2 2 1 1 0 7
1 2 2 1 1 0 8
1 2 2 1 1 0 9
1 2 2 1 1 2 1
1 2 2 1 1 2 154
1 2 2 1 1 2 155
1 2 2 1 1 2 158
1 2 2 1 1 2 2
1 2 2 1 1 2 3
1 2 2 1 1 2 4
1 2 2 1 1 2 5
1 2 2 1 1 2 6
1 2 3 0 0 0 1
1 2 3 0 0 0 148
1 2 3 0 0 0 149
1 2 3 0 0 0 154
1 2 3 0 0 0 155
1 2 3 0 0 0 156
1 2 3 0 0 2 1
1 2 3 0 0 2 156
1 2 3 0 0 2 157
1 2 3 0 0 2 158
1 2 3 0 0 2 2
1 2 3 0 0 2 3
1 2 3 0 0 2 4
1 2 3 0 0 2 5
1 2 3 0 0 2 6
1 2 3 0 0 2 7
1 2 3 0 0 2 8
1 2 3 0 0 2 9
1 2 3 0 1 0 148
1 2 3 0 1 0 149
1 2 3 0 1 0 150
1 2 3 0 1 0 153
1 2 3 0 1 0 154
1 2 3 0 1 0 155
1 2 3 0 1 0 156
1 2 3 0 1 2 1
1 2 3 0 1 2 157
1 2 3 0 1 2 158
1 2 3 0 1 2 2
1 2 3 0 1 2 3
1 2 3 0 1 2 4
1 2 3 0 1 2 5
1 2 3 0 1 2 6
1 2 3 0 1 2 7
1 2 3 0 1 2 8
1 2 3 0 1 2 9
1 2 3 1 0 0 2
1 2 3 1 0 0 3
1 2 3 1 0 0 6
1 2 3 1 0 2 1
1 2 3 1 0 2 153
1 2 3 1 0 2 154
1 2 3 1 0 2 155
1 2 3 1 0 2 156
1 2 3 1 0 2 157
1 2 3 1 0 2 158
1 2 3 1 0 2 2
1 2 3 1 1 0 1
1 2 3 1 1 0 2
1 2 3 1 1 0 5
1 2 3 1 1 0 6
1 2 3 1 1 2 1
1 2 3 1 1 2 154
1 2 3 1 1 2 155
1 2 3 1 1 2 156
1 2 3 1 1 2 157
1 2 3 1 1 2 158
1 2 3 1 1 2 2
1 2 4 0 0 0 150
1 2 4 0 0 0 151
1 2 4 0 0 0 152
1 2 4 0 0 0 153
1 2 4 0 0 2 158
1 2 4 0 0 2 2
1 2 4 0 0 2 3
1 2 4 0 0 2 4
1 2 4 0 0 2 8
1 2 4 0 0 2 9
1 2 4 0 1 0 151
1 2 4 0 1 0 152
1 2 4 0 1 0 153
1 2 4 0 1 0 154
1 2 4 0 1 0 155
1 2 4 0 1 0 156
1 2 4 0 1 2 1
1 2 4 0 1 2 156
1 2 4 0 1 2 157
1 2 4 0 1 2 158
1 2 4 0 1 2 2
1 2 4 0 1 2 3
1 2 4 0 1 2 6
1 2 4 0 1 2 7
1 2 4 1 0 0 2
1 2 4 1 0 0 3
1 2 4 1 0 0 4
1 2 4 1 0 0 5
1 2 4 1 0 2 1
1 2 4 1 0 2 156
1 2 4 1 0 2 157
1 2 4 1 0 2 158
1 2 4 1 0 2 2
1 2 4 1 0 2 3
1 2 4 1 1 0 1
1 2 4 1 1 0 2
1 2 4 1 1 0 3
1 2 4 1 1 0 4
1 2 4 1 1 2 1
1 2 4 1 1 2 157
1 2 4 1 1 2 2
1 2 5 0 0 0 149
1 2 5 0 0 0 150
1 2 5 0 0 0 151
1 2 5 0 0 0 154
1 2 5 0 0 0 155
1 2 5 0 0 2 1
1 2 5 0 0 2 158
1 2 5 0 0 2 2
1 2 5 0 0 2 3
1 2 5 0 1 0 150
1 2 5 0 1 0 151
1 2 5 0 1 0 152
1 2 5 0 1 0 155
1 2 5 0 1 0 156
1 2 5 0 1 2 155
1 2 5 0 1 2 2
1 2 5 1 0 0 3
1 2 5 1 0 0 4
1 2 5 1 0 2 1
1 2 5 1 0 2 151
1 2 5 1 0 2 152
1 2 5 1 0 2 153
1 2 5 1 0 2 154
1 2 5 1 0 2 155
1 2 5 1 0 2 156
1 2 5 1 0 2 157
1 2 5 1 0 2 2
1 2 5 1 1 0 1
1 2 5 1 1 0 2
1 2 5 1 1 0 3
1 2 5 1 1 2 1
1 2 5 1 1 2 152
1 2 5 1 1 2 153
1 2 5 1 1 2 154
1 2 5 1 1 2 155
1 2 5 1 1 2 156
1 2 5 1 1 2 157
1 2 6 0 0 0 141
1 2 6 0 0 0 142
1 2 6 0 0 0 143
1 2 6 0 0 0 144
1 2 6 0 0 0 145
1 2 6 0 0 0 146
1 2 6 0 0 0 147
1 2 6 0 0 0 148
1 2 6 0 0 0 149
1 2 6 0 0 0 150
1 2 6 0 0 0 151
1 2 6 0 0 0 152
1 2 6 0 0 0 153
1 2 6 0 0 0 154
1 2 6 0 0 0 155
1 2 6 0 0 2 1
1 2 6 0 0 2 151
1 2 6 0 0 2 152
1 2 6 0 0 2 155
1 2 6 0 0 2 156
1 2 6 0 0 2 157
1 2 6 0 0 2 158
1 2 6 0 0 2 2
1 2 6 0 0 2 3
1 2 6 0 0 2 4
1 2 6 0 0 2 5
1 2 6 0 0 2 6
1 2 6 0 0 2 7
1 2 6 0 1 0 141
1 2 6 0 1 0 142
1 2 6 0 1 0 143
1 2 6 0 1 0 144
1 2 6 0 1 0 145
1 2 6 0 1 0 146
1 2 6 0 1 0 147
1 2 6 0 1 0 148
1 2 6 0 1 0 149
1 2 6 0 1 0 150
1 2 6 0 1 0 151
1 2 6 0 1 0 152
1 2 6 0 1 0 153
1 2 6 0 1 0 154
1 2 6 0 1 0 155
1 2 6 0 1 2 151
1 2 6 0 1 2 152
1 2 6 0 1 2 153
1 2 6 0 1 2 154
1 2 6 0 1 2 155
1 2 6 0 1 2 156
1 2 6 0 1 2 157
1 2 6 0 1 2 158
1 2 6 0 1 2 2
1 2 6 0 1 2 3
1 2 6 0 1 2 4
1 2 6 0 1 2 5
1 2 6 0 1 2 6
1 2 6 1 0 0 10
1 2 6 1 0 0 11
1 2 6 1 0 0 12
1 2 6 1 0 0 13
1 2 6 1 0 0 14
1 2 6 1 0 0 15
1 2 6 1 0 0 16
1 2 6 1 0 0 17
1 2 6 1 0 0 18
1 2 6 1 0 0 19
1 2 6 1 0 0 2
1 2 6 1 0 0 3
1 2 6 1 0 0 4
1 2 6 1 0 0 5
1 2 6 1 0 0 6
1 2 6 1 0 0 7
1 2 6 1 0 0 8
1 2 6 1 0 0 9
1 2 6 1 0 2 151
1 2 6 1 0 2 152
1 2 6 1 0 2 153
1 2 6 1 0 2 154
1 2 6 1 0 2 155
1 2 6 1 0 2 156
1 2 6 1 0 2 157
1 2 6 1 0 2 158
1 2 6 1 0 2 2
1 2 6 1 0 2 3
1 2 6 1 0 2 4
1 2 6 1 0 2 5
1 2 6 1 0 2 6
1 2 6 1 0 2 7
1 2 6 1 0 2 8
1 2 6 1 0 2 9
1 2 6 1 1 0 1
1 2 6 1 1 0 10
1 2 6 1 1 0 11
1 2 6 1 1 0 12
1 2 6 1 1 0 13
1 2 6 1 1 0 14
1 2 6 1 1 0 15
1 2 6 1 1 0 16
1 2 6 1 1 0 17
1 2 6 1 1 0 18
1 2 6 1 1 0 2
1 2 6 1 1 0 3
1 2 6 1 1 0 4
1 2 6 1 1 0 5
1 2 6 1 1 0 6
1 2 6 1 1 0 7
1 2 6 1 1 0 8
1 2 6 1 1 0 9
1 2 6 1 1 2 152
1 2 6 1 1 2 153
1 2 6 1 1 2 154
1 2 6 1 1 2 155
1 2 6 1 1 2 156
1 2 6 1 1 2 157
1 2 6 1 1 2 158
1 2 6 1 1 2 2
1 2 6 1 1 2 3
1 2 6 1 1 2 4
1 2 6 1 1 2 5
1 2 6 1 1 2 6
1 2 6 1 1 2 7
1 2 6 1 1 2 8
1 2 6 1 1 2 9
1 2 7 0 0 2 158
1 2 7 0 0 2 2
1 2 7 0 0 2 3
1 2 7 0 0 2 4
1 2 7 0 0 2 7
1 2 7 0 1 0 149
1 2 7 0 1 0 155
1 2 7 0 1 0 156
1 2 7 0 1 2 1
1 2 7 0 1 2 158
1 2 7 0 1 2 2
1 2 7 0 1 2 3
1 2 7 0 1 2 4
1 2 7 1 0 0 1
1 2 7 1 0 0 3
1 2 7 1 0 0 4
1 2 7 1 0 0 5
1 2 7 1 0 2 150
1 2 7 1 0 2 154
1 2 7 1 0 2 155
1 2 7 1 0 2 156
1 2 7 1 0 2 2
1 2 7 1 1 0 1
1 2 7 1 1 0 2
1 2 7 1 1 0 3
1 2 7 1 1 0 4
1 2 7 1 1 2 1
1 2 7 1 1 2 150
1 2 7 1 1 2 151
1 2 7 1 1 2 155
1 2 7 1 1 2 156
1 2 7 1 1 2 157
1 2 7 1 1 2 158
