0 0 0 0 21.7419 6.8078
0 0 0 1 20.1146 6.2316
0 0 0 2 20.5614 6.3344
0 0 1 0 19.9234 6.1606
0 0 1 1 16.7904 5.3179
0 0 1 2 18.5464 5.6974
0 0 2 0 19.4223 5.9348
0 0 2 1 16.0148 4.8991
0 0 2 2 16.6927 5.0906
0 0 3 0 22.1241 7.3049
0 0 3 1 20.6996 6.5051
0 0 3 2 21.0017 6.5177
0 0 4 0 19.0895 5.8334
0 0 4 1 20.3339 6.2967
0 0 4 2 18.1457 5.5278
0 0 5 0 14.0611 4.5170
0 0 5 1 16.1767 5.1047
0 0 5 2 22.4108 6.8901
0 0 6 0 23.5356 7.4628
0 0 6 1 18.0228 5.6070
0 0 6 2 18.6871 5.6735
0 0 7 0 20.2709 6.1935
0 0 7 1 20.1621 6.1768
0 0 7 2 21.4289 6.6278
0 1 0 0 17.6350 5.5118
0 1 0 1 19.6553 5.5758
0 1 0 2 18.0084 4.8745
0 1 1 0 18.0735 4.9564
0 1 1 1 15.7061 4.7253
0 1 1 2 17.3304 4.7383
0 1 2 0 17.1923 5.7492
0 1 2 1 17.1050 4.7181
0 1 2 2 17.0439 5.2851
0 1 3 0 17.8153 4.9381
0 1 3 1 18.7249 5.6128
0 1 3 2 19.8658 5.3035
0 1 4 0 18.1833 5.4068
0 1 4 1 20.5790 5.5987
0 1 4 2 10.6007 3.0788
0 1 5 0 11.2733 3.0696
0 1 5 1 12.2690 3.9024
0 1 5 2 13.3815 3.8048
0 1 6 0 15.3248 4.3047
0 1 6 1 14.3321 4.0586
0 1 6 2 14.9232 4.1656
0 1 7 0 14.0919 4.0974
0 1 7 1 13.9645 4.5218
0 1 7 2 15.9825 4.4994
0 2 0 0 10.7555 3.5417
0 2 0 1 9.3086 3.4927
0 2 1 0 14.4906 4.6970
0 2 1 1 11.7363 4.3343
0 2 2 0 12.8739 4.4396
0 2 2 1 14.0921 4.6343
0 2 3 0 18.9599 5.6315
0 2 3 1 16.1877 5.2851
0 2 4 0 15.2284 4.3062
0 2 4 1 13.6686 4.1923
0 2 5 0 5.8948 2.2961
0 2 5 1 16.7005 5.0577
0 2 6 0 18.5049 5.6296
0 2 6 1 9.9033 3.5930
0 2 7 0 23.4913 6.8179
0 2 7 1 9.1492 3.2860
1 0 0 0 15.2385 4.6213
1 0 0 1 17.3903 5.2471
1 0 0 2 11.5559 3.4758
1 0 1 0 13.3406 3.9748
1 0 1 1 13.9217 4.1525
1 0 1 2 15.6775 4.7248
1 0 2 0 24.4693 7.7218
1 0 2 1 24.7260 7.5787
1 0 2 2 11.8228 3.6270
1 0 3 0 14.9252 4.6362
1 0 3 1 20.8497 6.3855
1 0 3 2 9.8155 2.9033
1 0 4 0 16.3089 5.0053
1 0 4 1 12.5713 3.9101
1 0 4 2 16.2864 4.9373
1 0 5 0 16.0603 4.8939
1 0 5 1 11.4162 3.4470
1 0 5 2 13.4464 4.2893
1 0 6 0 16.1538 4.9469
1 0 6 1 15.8837 4.9204
1 0 6 2 15.7717 4.7983
1 0 7 0 9.6578 2.7733
1 0 7 1 14.3979 4.3617
1 0 7 2 14.6097 4.5236
1 1 0 0 24.5216 9.2108
1 1 0 1 26.1676 8.9700
1 1 0 2 9.9025 7.1109
1 1 1 0 28.1973 9.0983
1 1 1 1 10.1629 3.9013
1 1 1 2 20.8023 6.6808
1 1 2 0 21.8093 8.7871
1 1 2 1 29.5731 9.7896
1 1 2 2 6.1753 8.8634
1 1 3 0 40.8841 15.9747
1 1 3 1 22.3861 8.0778
1 1 3 2 24.0761 8.1263
1 1 4 0 50.0000 14.6031
1 1 4 1 23.1753 11.0863
1 1 4 2 21.7482 7.3471
1 1 5 0 30.9356 10.2261
1 1 5 1 18.5973 9.0748
1 1 5 2 29.5229 10.0466
1 1 6 0 26.4688 9.2304
1 1 6 1 29.6705 9.9586
1 1 6 2 9.8947 6.3343
1 1 7 0 24.1735 8.6547
1 1 7 1 18.0161 8.0413
1 1 7 2 25.0306 7.9834
1 2 0 0 28.5973 9.6372
1 2 0 1 29.9351 9.0773
1 2 1 0 22.9272 7.5706
1 2 1 1 27.2485 8.5858
1 2 2 0 30.5390 9.7859
1 2 2 1 33.7150 10.1654
1 2 3 0 32.2440 10.6027
1 2 3 1 32.7776 10.4742
1 2 4 0 30.1441 9.4654
1 2 4 1 31.8476 10.0605
1 2 5 0 26.4574 8.4270
1 2 5 1 20.3968 6.5172
1 2 6 0 27.0307 9.2255
1 2 6 1 24.4299 7.7924
1 2 7 0 27.9979 9.7831
1 2 7 1 30.5084 9.4665
