1 0 0 0 0 0.891181
1 0 0 0 1 0.891181
1 0 0 0 2 0.923581
1 0 0 0 3 0.898882
1 0 0 0 4 0.886869
1 0 0 0 5 0.895152
1 0 0 0 6 0.889972
1 0 0 0 7 0.881543
1 0 0 0 8 0.858004
1 0 0 0 9 0.858658
1 0 0 0 10 0.870113
1 0 0 0 11 0.920143
1 0 0 0 12 0.86912
1 0 0 0 13 0.90479
1 0 0 0 14 0.898065
1 0 0 0 15 0.90935
1 0 0 0 16 0.930071
1 0 0 0 17 0.925815
1 0 0 0 18 0.931287
1 0 0 0 19 0.873019
1 0 0 0 20 0.84588
1 0 0 0 21 0.861662
1 0 0 0 22 0.865731
1 0 0 0 23 0.886213
1 0 0 0 24 0.890964
1 0 0 0 25 0.935381
1 0 0 0 26 0.923668
1 0 0 0 27 0.851681
1 0 0 0 28 0.87947
1 0 0 0 29 0.922238
1 0 0 0 30 0.88994
1 0 0 0 31 0.883651
1 0 0 0 32 0.898887
1 0 0 0 33 0.902542
1 0 0 0 34 0.918346
1 0 0 0 35 0.920665
1 0 0 0 36 0.941995
1 0 0 0 37 0.94393
1 0 0 0 38 0.940829
1 0 0 0 39 0.955431
1 0 0 0 40 0.924773
1 0 0 0 41 0.932345
1 0 0 0 42 0.918109
1 0 0 0 43 0.948478
1 0 0 0 44 0.940776
1 0 0 0 45 0.954844
1 0 0 0 46 0.96515
1 0 0 0 47 0.962039
1 0 0 0 48 0.925138
1 0 0 0 49 0.936147
1 0 0 0 50 0.936147
1 0 0 0 51 0.936147
1 0 0 0 52 0.936147
1 0 0 0 53 0.936147
1 0 0 0 54 0.936147
1 0 0 0 55 0.936147
1 0 0 0 56 0.936147
1 0 0 0 57 0.936147
1 0 0 0 58 0.936147
1 0 1 0 0 0.884606
1 0 1 0 1 0.862438
1 0 1 0 2 0.868771
1 0 1 0 3 0.880538
1 0 1 0 4 0.883209
1 0 1 0 5 0.890106
1 0 1 0 6 0.893294
1 0 1 0 7 0.902237
1 0 1 0 8 0.8898
1 0 1 0 9 0.892716
1 0 1 0 10 0.866513
1 0 1 0 11 0.887334
1 0 1 0 12 0.8839
1 0 1 0 13 0.894208
1 0 1 0 14 0.850817
1 0 1 0 15 0.856696
1 0 1 0 16 0.881263
1 0 1 0 17 0.88991
1 0 1 0 18 0.863675
1 0 1 0 19 0.851853
1 0 1 0 20 0.876419
1 0 1 0 21 0.882649
1 0 1 0 22 0.919879
1 0 1 0 23 0.924386
1 0 1 0 24 0.908153
1 0 1 0 25 0.879069
1 0 1 0 26 0.933554
1 0 1 0 27 0.91543
1 0 1 0 28 0.944116
1 0 1 0 29 0.956773
1 0 1 0 30 0.952055
1 0 1 0 31 0.944101
1 0 1 0 32 0.946758
1 0 1 0 33 0.952538
1 0 1 0 34 0.956135
1 0 1 0 35 0.957628
1 0 1 0 36 0.953637
1 0 1 0 37 0.931299
1 0 1 0 38 0.931299
1 0 1 0 39 0.931299
1 0 1 0 40 0.931299
1 0 1 0 41 0.931299
1 0 1 0 42 0.931299
1 0 1 0 43 0.931299
1 0 1 0 44 0.931299
1 0 2 0 0 0.850889
1 0 2 0 1 0.850889
1 0 2 0 2 0.902513
1 0 2 0 3 0.8981
1 0 2 0 4 0.895064
1 0 2 0 5 0.909842
1 0 2 0 6 0.907919
1 0 2 0 7 0.83858
1 0 2 0 8 0.844154
1 0 2 0 9 0.899172
1 0 2 0 10 0.874901
1 0 2 0 11 0.814018
1 0 2 0 12 0.454602
1 0 2 0 13 0.803831
1 0 2 0 14 0.899904
1 0 2 0 15 0.881619
1 0 2 0 16 0.840494
1 0 2 0 17 0.865073
1 0 2 0 18 0.851558
1 0 2 0 19 0.830457
1 0 2 0 20 0.839367
1 0 2 0 21 0.822443
1 0 2 0 22 0.834134
1 0 2 0 23 0.856322
1 0 2 0 24 0.805665
1 0 2 0 25 0.800642
1 0 2 0 26 0.775689
1 0 2 0 27 0.786113
1 0 2 0 28 0.812873
1 0 2 0 29 0.808996
1 0 2 0 30 0.849177
1 0 2 0 31 0.842358
1 0 2 0 32 0.830326
1 0 2 0 33 0.828311
1 0 2 0 34 0.753963
1 0 2 0 35 0.804696
1 0 2 0 36 0.616248
1 0 2 0 37 0.668492
1 0 2 0 38 0.591795
1 0 2 0 39 0.716974
1 0 2 0 40 0.661168
1 0 2 0 41 0.72799
1 0 2 0 42 0.629898
1 0 2 0 43 0.678539
1 0 2 0 44 0.720922
1 0 2 0 45 0.7944
1 0 2 0 46 0.742788
1 0 2 0 47 0.699807
1 0 2 0 48 0.710782
1 0 2 0 49 0.710782
1 0 2 0 50 0.710782
1 0 2 0 51 0.710782
1 0 2 0 52 0.710782
1 0 2 0 53 0.710782
1 0 2 0 54 0.710782
1 0 2 0 55 0.710782
1 0 2 0 56 0.710782
1 0 2 0 57 0.710782
1 0 2 0 58 0.710782
1 0 3 0 0 0.9583
1 0 3 0 1 0.9583
1 0 3 0 2 0.9583
1 0 3 0 3 0.9583
1 0 3 0 4 0.9583
1 0 3 0 5 0.9583
1 0 3 0 6 0.9583
1 0 3 0 7 0.9583
1 0 3 0 8 0.9583
1 0 3 0 9 0.942566
1 0 3 0 10 0.949672
1 0 3 0 11 0.956552
1 0 3 0 12 0.966005
1 0 3 0 13 0.958
1 0 3 0 14 0.948323
1 0 3 0 15 0.955772
1 0 3 0 16 0.963389
1 0 3 0 17 0.953834
1 0 3 0 18 0.954862
1 0 3 0 19 0.964548
1 0 3 0 20 0.970689
1 0 3 0 21 0.956326
1 0 3 0 22 0.95032
1 0 3 0 23 0.93583
1 0 3 0 24 0.938272
1 0 3 0 25 0.942246
1 0 3 0 26 0.946134
1 0 3 0 27 0.946313
1 0 3 0 28 0.947699
1 0 3 0 29 0.940524
1 0 3 0 30 0.940036
1 0 3 0 31 0.934497
1 0 3 0 32 0.941045
1 0 3 0 33 0.933135
1 0 3 0 34 0.942427
1 0 3 0 35 0.921191
1 0 3 0 36 0.93296
1 0 3 0 37 0.946465
1 0 3 0 38 0.946479
1 0 3 0 39 0.931701
1 0 3 0 40 0.938265
1 0 3 0 41 0.941586
1 0 3 0 42 0.942611
1 0 3 0 43 0.942383
1 0 3 0 44 0.933871
1 0 3 0 45 0.925415
1 0 3 0 46 0.913965
1 0 3 0 47 0.922109
1 0 3 0 48 0.937589
1 0 3 0 49 0.947188
1 0 3 0 50 0.957937
1 0 3 0 51 0.961682
1 0 3 0 52 0.956204
1 0 3 0 53 0.949906
1 0 3 0 54 0.948974
1 0 3 0 55 0.953635
1 0 3 0 56 0.95242
1 0 3 0 57 0.946415
1 0 3 0 58 0.946415
1 0 4 0 0 0.943331
1 0 4 0 1 0.943331
1 0 4 0 2 0.943331
1 0 4 0 3 0.943331
1 0 4 0 4 0.943331
1 0 4 0 5 0.943331
1 0 4 0 6 0.943331
1 0 4 0 7 0.943331
1 0 4 0 8 0.943331
1 0 4 0 9 0.935774
1 0 4 0 10 0.931786
1 0 4 0 11 0.93934
1 0 4 0 12 0.932636
1 0 4 0 13 0.940116
1 0 4 0 14 0.945748
1 0 4 0 15 0.940655
1 0 4 0 16 0.927717
1 0 4 0 17 0.926019
1 0 4 0 18 0.930284
1 0 4 0 19 0.937806
1 0 4 0 20 0.935745
1 0 4 0 21 0.943366
1 0 4 0 22 0.942595
1 0 4 0 23 0.932013
1 0 4 0 24 0.936813
1 0 4 0 25 0.944908
1 0 4 0 26 0.939688
1 0 4 0 27 0.956794
1 0 4 0 28 0.954952
1 0 4 0 29 0.944789
1 0 4 0 30 0.947459
1 0 4 0 31 0.944186
1 0 4 0 32 0.932467
1 0 4 0 33 0.946355
1 0 4 0 34 0.944363
1 0 4 0 35 0.945776
1 0 4 0 36 0.94881
1 0 4 0 37 0.944149
1 0 4 0 38 0.929759
1 0 4 0 39 0.947463
1 0 4 0 40 0.949889
1 0 4 0 41 0.937767
1 0 4 0 42 0.922481
1 0 4 0 43 0.891689
1 0 4 0 44 0.885771
1 0 5 0 0 0.995692
1 0 5 0 1 0.954352
1 0 5 0 2 0.954352
1 0 5 0 3 0.954352
1 0 5 0 4 0.954352
1 0 5 0 5 0.954352
1 0 5 0 6 0.954352
1 0 5 0 7 0.954352
1 0 5 0 8 0.954352
1 0 5 0 9 0.94401
1 0 5 0 10 0.935444
1 0 5 0 11 0.959334
1 0 5 0 12 0.951891
1 0 5 0 13 0.954356
1 0 5 0 14 0.944547
1 0 5 0 15 0.948715
1 0 5 0 16 0.95631
1 0 5 0 17 0.952152
1 0 5 0 18 0.937521
1 0 5 0 19 0.94512
1 0 5 0 20 0.953697
1 0 5 0 21 0.944603
1 0 5 0 22 0.934582
1 0 5 0 23 0.932619
1 0 5 0 24 0.926692
1 0 5 0 25 0.877131
1 0 5 0 26 0.676838
1 0 5 0 27 0.417186
1 0 5 0 28 0.873166
1 0 5 0 29 0.882035
1 0 5 0 30 0.915958
1 0 5 0 31 0.865642
1 0 5 0 32 0.888147
1 0 5 0 33 0.865464
1 0 5 0 34 0.846963
1 0 5 0 35 0.840105
1 0 5 0 36 0.816275
1 0 5 0 37 0.830053
1 0 5 0 38 0.836183
1 0 5 0 39 0.83783
1 0 5 0 40 0.892945
1 0 5 0 41 0.908201
1 0 5 0 42 0.916826
1 0 5 0 43 0.877006
1 0 5 0 44 0.892747
1 0 5 0 45 0.925913
1 0 5 0 46 0.90491
1 0 5 0 47 0.885177
1 0 5 0 48 0.865939
1 0 5 0 49 0.876316
1 0 5 0 50 0.880856
1 0 5 0 51 0.886982
1 0 5 0 52 0.895378
1 0 5 0 53 0.903699
1 0 5 0 54 0.906394
1 0 5 0 55 0.932142
1 0 5 0 56 0.958607
1 0 5 0 57 0.903221
1 0 5 0 58 0.903221
1 0 0 1 0 0.889005
1 0 0 1 1 0.889005
1 0 0 1 2 0.897034
1 0 0 1 3 0.881148
1 0 0 1 4 0.884064
1 0 0 1 5 0.869969
1 0 0 1 6 0.87001
1 0 0 1 7 0.868622
1 0 0 1 8 0.877296
1 0 0 1 9 0.891507
1 0 0 1 10 0.882139
1 0 0 1 11 0.881497
1 0 0 1 12 0.879466
1 0 0 1 13 0.882073
1 0 0 1 14 0.886558
1 0 0 1 15 0.90223
1 0 0 1 16 0.905588
1 0 0 1 17 0.888844
1 0 0 1 18 0.885799
1 0 0 1 19 0.901645
1 0 0 1 20 0.91618
1 0 0 1 21 0.918568
1 0 0 1 22 0.928303
1 0 0 1 23 0.926678
1 0 0 1 24 0.933855
1 0 0 1 25 0.931735
1 0 0 1 26 0.92687
1 0 0 1 27 0.927205
1 0 0 1 28 0.943011
1 0 0 1 29 0.937469
1 0 0 1 30 0.931747
1 0 0 1 31 0.885141
1 0 0 1 32 0.886922
1 0 0 1 33 0.918336
1 0 0 1 34 0.927513
1 0 0 1 35 0.943708
1 0 0 1 36 0.93641
1 0 0 1 37 0.940153
1 0 0 1 38 0.946814
1 0 0 1 39 0.952322
1 0 0 1 40 0.947421
1 0 0 1 41 0.960977
1 0 0 1 42 0.932371
1 0 0 1 43 0.922954
1 0 0 1 44 0.922445
1 0 0 1 45 0.922445
1 0 0 1 46 0.922445
1 0 0 1 47 0.922445
1 0 0 1 48 0.922445
1 0 0 1 49 0.922445
1 0 0 1 50 0.922445
1 0 0 1 51 0.922445
1 0 0 1 52 0.922445
1 0 0 1 53 0.922445
1 0 0 1 54 0.922445
1 0 0 1 55 0.922445
1 0 0 1 56 0.922445
1 0 0 1 57 0.922445
1 0 0 1 58 0.922445
1 0 0 1 59 0.922445
1 0 0 1 60 0.922445
1 0 0 1 61 0.922445
1 0 0 1 62 0.922445
1 0 0 1 63 0.922445
1 0 1 1 0 0.574086
1 0 1 1 1 0.682123
1 0 1 1 2 0.830007
1 0 1 1 3 0.870128
1 0 1 1 4 0.896097
1 0 1 1 5 0.908093
1 0 1 1 6 0.941967
1 0 1 1 7 0.954167
1 0 1 1 8 0.954889
1 0 1 1 9 0.96436
1 0 1 1 10 0.943695
1 0 1 1 11 0.965392
1 0 1 1 12 0.959264
1 0 1 1 13 0.960147
1 0 1 1 14 0.960929
1 0 1 1 15 0.960355
1 0 1 1 16 0.948679
1 0 1 1 17 0.95947
1 0 1 1 18 0.962854
1 0 1 1 19 0.946601
1 0 1 1 20 0.921987
1 0 1 1 21 0.909231
1 0 1 1 22 0.891087
1 0 1 1 23 0.834176
1 0 1 1 24 0.764936
1 0 1 1 25 0.541207
1 0 2 1 0 0.71809
1 0 2 1 1 0.71809
1 0 2 1 2 0.71809
1 0 2 1 3 0.71809
1 0 2 1 4 0.71809
1 0 2 1 5 0.71809
1 0 2 1 6 0.71809
1 0 2 1 7 0.71809
1 0 2 1 8 0.71809
1 0 2 1 9 0.71809
1 0 2 1 10 0.71809
1 0 2 1 11 0.71809
1 0 2 1 12 0.71809
1 0 2 1 13 0.71809
1 0 2 1 14 0.71809
1 0 2 1 15 0.71809
1 0 2 1 16 0.71809
1 0 2 1 17 0.71809
1 0 2 1 18 0.71809
1 0 2 1 19 0.71809
1 0 2 1 20 0.71809
1 0 2 1 21 0.786863
1 0 2 1 22 0.881375
1 0 2 1 23 0.855224
1 0 2 1 24 0.809367
1 0 2 1 25 0.728997
1 0 2 1 26 0.781262
1 0 2 1 27 0.744809
1 0 2 1 28 0.765336
1 0 2 1 29 0.818688
1 0 2 1 30 0.833597
1 0 2 1 31 0.815037
1 0 2 1 32 0.763442
1 0 2 1 33 0.782212
1 0 2 1 34 0.790666
1 0 2 1 35 0.735464
1 0 2 1 36 0.741945
1 0 2 1 37 0.642059
1 0 2 1 38 0.668195
1 0 2 1 39 0.643427
1 0 2 1 40 0.649982
1 0 2 1 41 0.712466
1 0 2 1 42 0.752894
1 0 2 1 43 0.820106
1 0 2 1 44 0.829611
1 0 2 1 45 0.805637
1 0 2 1 46 0.834389
1 0 2 1 47 0.826405
1 0 2 1 48 0.844153
1 0 2 1 49 0.854702
1 0 2 1 50 0.840241
1 0 2 1 51 0.85364
1 0 2 1 52 0.850807
1 0 2 1 53 0.848943
1 0 2 1 54 0.843111
1 0 2 1 55 0.847253
1 0 2 1 56 0.848378
1 0 2 1 57 0.854636
1 0 2 1 58 0.854599
1 0 2 1 59 0.854162
1 0 2 1 60 0.85104
1 0 2 1 61 0.852499
1 0 2 1 62 0.847382
1 0 2 1 63 0.847382
1 0 3 1 0 0.853145
1 0 3 1 1 0.853145
1 0 3 1 2 0.853145
1 0 3 1 3 0.853145
1 0 3 1 4 0.853145
1 0 3 1 5 0.853145
1 0 3 1 6 0.853145
1 0 3 1 7 0.853145
1 0 3 1 8 0.853145
1 0 3 1 9 0.853145
1 0 3 1 10 0.853145
1 0 3 1 11 0.853145
1 0 3 1 12 0.853145
1 0 3 1 13 0.853145
1 0 3 1 14 0.853145
1 0 3 1 15 0.853145
1 0 3 1 16 0.853145
1 0 3 1 17 0.853145
1 0 3 1 18 0.853145
1 0 3 1 19 0.853145
1 0 3 1 20 0.869925
1 0 3 1 21 0.938464
1 0 3 1 22 0.852809
1 0 3 1 23 0.558557
1 0 3 1 24 0.827849
1 0 3 1 25 0.894413
1 0 3 1 26 0.919236
1 0 3 1 27 0.925249
1 0 3 1 28 0.909726
1 0 3 1 29 0.893068
1 0 3 1 30 0.85387
1 0 3 1 31 0.770713
1 0 3 1 32 0.634842
1 0 3 1 33 0.523108
1 0 3 1 34 0.538796
1 0 3 1 35 0.573838
1 0 3 1 36 0.738277
1 0 3 1 37 0.832764
1 0 3 1 38 0.838822
1 0 3 1 39 0.892125
1 0 3 1 40 0.913887
1 0 3 1 41 0.893906
1 0 3 1 42 0.865244
1 0 3 1 43 0.858276
1 0 3 1 44 0.759041
1 0 3 1 45 0.686966
1 0 3 1 46 0.695533
1 0 3 1 47 0.712014
1 0 3 1 48 0.676395
1 0 3 1 49 0.641241
1 0 3 1 50 0.65787
1 0 3 1 51 0.694767
1 0 3 1 52 0.822815
1 0 3 1 53 0.799592
1 0 3 1 54 0.83479
1 0 3 1 55 0.830563
1 0 3 1 56 0.837982
1 0 3 1 57 0.832477
1 0 3 1 58 0.834901
1 0 3 1 59 0.845578
1 0 3 1 60 0.905216
1 0 3 1 61 0.903807
1 0 3 1 62 0.811183
1 0 3 1 63 0.811183
1 0 4 1 0 0.708171
1 0 4 1 1 0.658609
1 0 4 1 2 0.790703
1 0 4 1 3 0.824193
1 0 4 1 4 0.836372
1 0 4 1 5 0.87376
1 0 4 1 6 0.93544
1 0 4 1 7 0.957314
1 0 4 1 8 0.951554
1 0 4 1 9 0.950549
1 0 4 1 10 0.951806
1 0 4 1 11 0.946153
1 0 4 1 12 0.947257
1 0 4 1 13 0.909305
1 0 4 1 14 0.577589
1 0 4 1 15 0.872704
1 0 4 1 16 0.949808
1 0 4 1 17 0.92874
1 0 4 1 18 0.953259
1 0 4 1 19 0.940936
1 0 4 1 20 0.900652
1 0 4 1 21 0.893343
1 0 4 1 22 0.801658
1 0 4 1 23 0.740597
1 0 4 1 24 0.586944
1 0 4 1 25 0.460954
1 0 5 1 0 0.914567
1 0 5 1 1 0.914567
1 0 5 1 2 0.933004
1 0 5 1 3 0.932134
1 0 5 1 4 0.944463
1 0 5 1 5 0.966234
1 0 5 1 6 0.963416
1 0 5 1 7 0.936385
1 0 5 1 8 0.931319
1 0 5 1 9 0.945287
1 0 5 1 10 0.924737
1 0 5 1 11 0.906596
1 0 5 1 12 0.891621
1 0 5 1 13 0.895661
1 0 5 1 14 0.843056
1 0 5 1 15 0.743859
1 0 5 1 16 0.765471
1 0 5 1 17 0.839327
1 0 5 1 18 0.87753
1 0 5 1 19 0.895696
1 0 5 1 20 0.911677
1 0 5 1 21 0.937021
1 0 5 1 22 0.946052
1 0 5 1 23 0.93816
1 0 5 1 24 0.945524
1 0 5 1 25 0.945224
1 0 5 1 26 0.935588
1 0 5 1 27 0.93006
1 0 5 1 28 0.934171
1 0 5 1 29 0.93248
1 0 5 1 30 0.922322
1 0 5 1 31 0.908675
1 0 5 1 32 0.898303
1 0 5 1 33 0.915775
1 0 5 1 34 0.913082
1 0 5 1 35 0.915785
1 0 5 1 36 0.911993
1 0 5 1 37 0.924778
1 0 5 1 38 0.934051
1 0 5 1 39 0.93782
1 0 5 1 40 0.927445
1 0 5 1 41 0.907779
1 0 5 1 42 0.942192
1 0 5 1 43 0.926095
1 0 5 1 44 0.955746
1 0 5 1 45 0.955147
1 0 5 1 46 0.951942
1 0 5 1 47 0.951942
1 0 5 1 48 0.951942
1 0 5 1 49 0.951942
1 0 5 1 50 0.951942
1 0 5 1 51 0.951942
1 0 5 1 52 0.951942
1 0 5 1 53 0.951942
1 0 5 1 54 0.951942
1 0 5 1 55 0.951942
1 0 5 1 56 0.951942
1 0 5 1 57 0.951942
1 0 5 1 58 0.951942
1 0 5 1 59 0.951942
1 0 5 1 60 0.951942
1 0 5 1 61 0.951942
1 0 5 1 62 0.951942
1 0 5 1 63 0.951942
1 1 0 0 0 0.895696
1 1 0 0 1 0.895696
1 1 0 0 2 0.928049
1 1 0 0 3 0.911458
1 1 0 0 4 0.920248
1 1 0 0 5 0.920539
1 1 0 0 6 0.911779
1 1 0 0 7 0.912432
1 1 0 0 8 0.879015
1 1 0 0 9 0.915263
1 1 0 0 10 0.927786
1 1 0 0 11 0.944091
1 1 0 0 12 0.954834
1 1 0 0 13 0.933305
1 1 0 0 14 0.14495
1 1 0 0 15 0.673035
1 1 0 0 16 0.94149
1 1 0 0 17 0.950896
1 1 0 0 18 0.955071
1 1 0 0 19 0.93178
1 1 0 0 20 0.936794
1 1 0 0 21 0.853757
1 1 0 0 22 0.846645
1 1 0 0 23 0.83496
1 1 0 0 24 0.869356
1 1 0 0 25 0.83604
1 1 0 0 26 0.554258
1 1 0 0 27 0.431882
1 1 0 0 28 0.933428
1 1 0 0 29 0.871842
1 1 0 0 30 0.446664
1 1 0 0 31 0.397607
1 1 0 0 32 0.945234
1 1 0 0 33 0.95346
1 1 0 0 34 0.900656
1 1 0 0 35 0.86402
1 1 0 0 36 0.623174
1 1 0 0 37 0.0187545
1 1 0 0 38 0.00318111
1 1 0 0 39 0.000305772
1 1 0 0 40 0.000161368
1 1 0 0 41 0.357607
1 1 0 0 42 0.910069
1 1 0 0 43 0.943745
1 1 0 0 44 0.877594
1 1 0 0 45 0.911756
1 1 0 0 46 0.962275
1 1 0 0 47 0.962996
1 1 0 0 48 0.949224
1 1 0 0 49 0.956594
1 1 0 0 50 0.986849
1 1 0 0 51 0.569506
1 1 0 0 52 0.569506
1 1 0 0 53 0.569506
1 1 0 0 54 0.569506
1 1 0 0 55 0.569506
1 1 0 0 56 0.569506
1 1 0 0 57 0.569506
1 1 0 0 58 0.569506
1 1 1 0 0 0.912203
1 1 1 0 1 0.882737
1 1 1 0 2 0.881432
1 1 1 0 3 0.900532
1 1 1 0 4 0.907181
1 1 1 0 5 0.899661
1 1 1 0 6 0.891843
1 1 1 0 7 0.912237
1 1 1 0 8 0.909051
1 1 1 0 9 0.921933
1 1 1 0 10 0.914096
1 1 1 0 11 0.900112
1 1 1 0 12 0.914831
1 1 1 0 13 0.933628
1 1 1 0 14 0.930228
1 1 1 0 15 0.927993
1 1 1 0 16 0.947236
1 1 1 0 17 0.940265
1 1 1 0 18 0.941754
1 1 1 0 19 0.948004
1 1 1 0 20 0.939314
1 1 1 0 21 0.94818
1 1 1 0 22 0.960506
1 1 1 0 23 0.795641
1 1 1 0 24 0.776303
1 1 1 0 25 0.956585
1 1 1 0 26 0.957774
1 1 1 0 27 0.914309
1 1 1 0 28 0.758401
1 1 1 0 29 0.961429
1 1 1 0 30 0.937178
1 1 1 0 31 0.959981
1 1 1 0 32 0.948192
1 1 1 0 33 0.930497
1 1 1 0 34 0.940325
1 1 1 0 35 0.946431
1 1 1 0 36 0.963264
1 1 1 0 37 0.973106
1 1 1 0 38 0.963714
1 1 1 0 39 0.901163
1 1 1 0 40 0.901163
1 1 1 0 41 0.901163
1 1 1 0 42 0.901163
1 1 1 0 43 0.901163
1 1 1 0 44 0.901163
1 1 2 0 0 0.883852
1 1 2 0 1 0.883852
1 1 2 0 2 0.923411
1 1 2 0 3 0.938224
1 1 2 0 4 0.954734
1 1 2 0 5 0.836382
1 1 2 0 6 0.722685
1 1 2 0 7 0.891557
1 1 2 0 8 0.904201
1 1 2 0 9 0.873961
1 1 2 0 10 0.574263
1 1 2 0 11 0.849116
1 1 2 0 12 0.905559
1 1 2 0 13 0.929851
1 1 2 0 14 0.908568
1 1 2 0 15 0.924274
1 1 2 0 16 0.902116
1 1 2 0 17 0.93304
1 1 2 0 18 0.926434
1 1 2 0 19 0.841024
1 1 2 0 20 0.851903
1 1 2 0 21 0.835699
1 1 2 0 22 0.778421
1 1 2 0 23 0.513733
1 1 2 0 24 0.817534
1 1 2 0 25 0.8743
1 1 2 0 26 0.872673
1 1 2 0 27 0.889767
1 1 2 0 28 0.911475
1 1 2 0 29 0.877288
1 1 2 0 30 0.609006
1 1 2 0 31 0.918999
1 1 2 0 32 0.938267
1 1 2 0 33 0.946029
1 1 2 0 34 0.954879
1 1 2 0 35 0.947214
1 1 2 0 36 0.946519
1 1 2 0 37 0.938291
1 1 2 0 38 0.852698
1 1 2 0 39 0.633747
1 1 2 0 40 0.721393
1 1 2 0 41 0.46216
1 1 2 0 42 0.486038
1 1 2 0 43 0.461379
1 1 2 0 44 0.477027
1 1 2 0 45 0.577687
1 1 2 0 46 0.594325
1 1 2 0 47 0.586661
1 1 2 0 48 0.60387
1 1 2 0 49 0.630093
1 1 2 0 50 0.558522
1 1 2 0 51 0.558522
1 1 2 0 52 0.558522
1 1 2 0 53 0.558522
1 1 2 0 54 0.558522
1 1 2 0 55 0.558522
1 1 2 0 56 0.558522
1 1 2 0 57 0.558522
1 1 2 0 58 0.558522
1 1 3 0 0 0.919443
1 1 3 0 1 0.919443
1 1 3 0 2 0.919443
1 1 3 0 3 0.919443
1 1 3 0 4 0.919443
1 1 3 0 5 0.919443
1 1 3 0 6 0.919443
1 1 3 0 7 0.954355
1 1 3 0 8 0.910162
1 1 3 0 9 0.912811
1 1 3 0 10 0.901074
1 1 3 0 11 0.935359
1 1 3 0 12 0.93026
1 1 3 0 13 0.925323
1 1 3 0 14 0.911412
1 1 3 0 15 0.901568
1 1 3 0 16 0.931974
1 1 3 0 17 0.931414
1 1 3 0 18 0.913841
1 1 3 0 19 0.945983
1 1 3 0 20 0.952874
1 1 3 0 21 0.958697
1 1 3 0 22 0.934355
1 1 3 0 23 0.932675
1 1 3 0 24 0.920005
1 1 3 0 25 0.92839
1 1 3 0 26 0.933807
1 1 3 0 27 0.925012
1 1 3 0 28 0.931383
1 1 3 0 29 0.91469
1 1 3 0 30 0.915514
1 1 3 0 31 0.874609
1 1 3 0 32 0.825565
1 1 3 0 33 0.860018
1 1 3 0 34 0.842297
1 1 3 0 35 0.711864
1 1 3 0 36 0.198415
1 1 3 0 37 0.540835
1 1 3 0 38 0.777937
1 1 3 0 39 0.83771
1 1 3 0 40 0.959248
1 1 3 0 41 0.954687
1 1 3 0 42 0.943392
1 1 3 0 43 0.954622
1 1 3 0 44 0.955969
1 1 3 0 45 0.953513
1 1 3 0 46 0.942306
1 1 3 0 47 0.849789
1 1 3 0 48 0.623979
1 1 3 0 49 0.899704
1 1 3 0 50 0.944097
1 1 3 0 51 0.949794
1 1 3 0 52 0.95093
1 1 3 0 53 0.955001
1 1 3 0 54 0.932552
1 1 3 0 55 0.635141
1 1 3 0 56 0.873677
1 1 3 0 57 0.917811
1 1 3 0 58 0.917811
1 1 4 0 0 0.87949
1 1 4 0 1 0.87949
1 1 4 0 2 0.87949
1 1 4 0 3 0.87949
1 1 4 0 4 0.87949
1 1 4 0 5 0.87949
1 1 4 0 6 0.87949
1 1 4 0 7 0.89174
1 1 4 0 8 0.937119
1 1 4 0 9 0.954468
1 1 4 0 10 0.959014
1 1 4 0 11 0.951863
1 1 4 0 12 0.933056
1 1 4 0 13 0.930873
1 1 4 0 14 0.931902
1 1 4 0 15 0.943596
1 1 4 0 16 0.940729
1 1 4 0 17 0.948186
1 1 4 0 18 0.934159
1 1 4 0 19 0.943094
1 1 4 0 20 0.94836
1 1 4 0 21 0.872356
1 1 4 0 22 0.500935
1 1 4 0 23 0.434237
1 1 4 0 24 0.490281
1 1 4 0 25 0.470388
1 1 4 0 26 0.411288
1 1 4 0 27 0.44626
1 1 4 0 28 0.434011
1 1 4 0 29 0.388979
1 1 4 0 30 0.450469
1 1 4 0 31 0.390971
1 1 4 0 32 0.371968
1 1 4 0 33 0.416985
1 1 4 0 34 0.432389
1 1 4 0 35 0.49459
1 1 4 0 36 0.305768
1 1 4 0 37 0.34307
1 1 4 0 38 0.332432
1 1 4 0 39 0.346689
1 1 4 0 40 0.314913
1 1 4 0 41 0.307736
1 1 4 0 42 0.223792
1 1 4 0 43 0.277738
1 1 4 0 44 0.484158
1 1 5 0 0 0.926176
1 1 5 0 1 0.926176
1 1 5 0 2 0.926176
1 1 5 0 3 0.926176
1 1 5 0 4 0.926176
1 1 5 0 5 0.926176
1 1 5 0 6 0.926176
1 1 5 0 7 0.972574
1 1 5 0 8 0.978201
1 1 5 0 9 0.856811
1 1 5 0 10 0.884642
1 1 5 0 11 0.958058
1 1 5 0 12 0.973438
1 1 5 0 13 0.959947
1 1 5 0 14 0.77347
1 1 5 0 15 0.811113
1 1 5 0 16 0.958715
1 1 5 0 17 0.95326
1 1 5 0 18 0.961884
1 1 5 0 19 0.941715
1 1 5 0 20 0.954751
1 1 5 0 21 0.95901
1 1 5 0 22 0.957202
1 1 5 0 23 0.941648
1 1 5 0 24 0.950758
1 1 5 0 25 0.84295
1 1 5 0 26 0.782542
1 1 5 0 27 0.930461
1 1 5 0 28 0.776851
1 1 5 0 29 0.590237
1 1 5 0 30 0.932212
1 1 5 0 31 0.93392
1 1 5 0 32 0.938295
1 1 5 0 33 0.935865
1 1 5 0 34 0.874853
1 1 5 0 35 0.705048
1 1 5 0 36 0.930067
1 1 5 0 37 0.928588
1 1 5 0 38 0.921263
1 1 5 0 39 0.891577
1 1 5 0 40 0.789744
1 1 5 0 41 0.556393
1 1 5 0 42 0.912988
1 1 5 0 43 0.944443
1 1 5 0 44 0.939467
1 1 5 0 45 0.9357
1 1 5 0 46 0.956366
1 1 5 0 47 0.940738
1 1 5 0 48 0.892912
1 1 5 0 49 0.763863
1 1 5 0 50 0.859826
1 1 5 0 51 0.9537
1 1 5 0 52 0.947952
1 1 5 0 53 0.950841
1 1 5 0 54 0.958354
1 1 5 0 55 0.963556
1 1 5 0 56 0.954117
1 1 5 0 57 0.898463
1 1 5 0 58 0.898463
1 1 0 1 0 0.928537
1 1 0 1 1 0.928537
1 1 0 1 2 0.944248
1 1 0 1 3 0.931945
1 1 0 1 4 0.928155
1 1 0 1 5 0.923358
1 1 0 1 6 0.927076
1 1 0 1 7 0.912249
1 1 0 1 8 0.907108
1 1 0 1 9 0.930513
1 1 0 1 10 0.931762
1 1 0 1 11 0.905517
1 1 0 1 12 0.916206
1 1 0 1 13 0.904257
1 1 0 1 14 0.932909
1 1 0 1 15 0.928498
1 1 0 1 16 0.93771
1 1 0 1 17 0.92697
1 1 0 1 18 0.93106
1 1 0 1 19 0.91976
1 1 0 1 20 0.95303
1 1 0 1 21 0.953625
1 1 0 1 22 0.947815
1 1 0 1 23 0.94662
1 1 0 1 24 0.953082
1 1 0 1 25 0.958464
1 1 0 1 26 0.955189
1 1 0 1 27 0.961259
1 1 0 1 28 0.966645
1 1 0 1 29 0.941007
1 1 0 1 30 0.753474
1 1 0 1 31 0.787321
1 1 0 1 32 0.936564
1 1 0 1 33 0.966791
1 1 0 1 34 0.954723
1 1 0 1 35 0.956353
1 1 0 1 36 0.977586
1 1 0 1 37 0.96253
1 1 0 1 38 0.963777
1 1 0 1 39 0.957895
1 1 0 1 40 0.944707
1 1 0 1 41 0.955031
1 1 0 1 42 0.974207
1 1 0 1 43 0.989902
1 1 0 1 44 0.988177
1 1 0 1 45 0.983894
1 1 0 1 46 0.984718
1 1 0 1 47 0.984065
1 1 0 1 48 0.984065
1 1 0 1 49 0.984065
1 1 0 1 50 0.984065
1 1 0 1 51 0.984065
1 1 0 1 52 0.984065
1 1 0 1 53 0.984065
1 1 0 1 54 0.984065
1 1 0 1 55 0.984065
1 1 0 1 56 0.984065
1 1 0 1 57 0.984065
1 1 0 1 58 0.984065
1 1 0 1 59 0.984065
1 1 0 1 60 0.984065
1 1 0 1 61 0.984065
1 1 0 1 62 0.984065
1 1 0 1 63 0.984065
1 1 1 1 0 0.761548
1 1 1 1 1 0.890996
1 1 1 1 2 0.914899
1 1 1 1 3 0.950501
1 1 1 1 4 0.9564
1 1 1 1 5 0.959385
1 1 1 1 6 0.968248
1 1 1 1 7 0.976716
1 1 1 1 8 0.97312
1 1 1 1 9 0.973482
1 1 1 1 10 0.969508
1 1 1 1 11 0.96443
1 1 1 1 12 0.966183
1 1 1 1 13 0.951692
1 1 1 1 14 0.956165
1 1 1 1 15 0.958183
1 1 1 1 16 0.953233
1 1 1 1 17 0.945131
1 1 1 1 18 0.949713
1 1 1 1 19 0.956799
1 1 1 1 20 0.953198
1 1 1 1 21 0.933117
1 1 1 1 22 0.896639
1 1 1 1 23 0.877136
1 1 1 1 24 0.718727
1 1 1 1 25 0.570741
1 1 2 1 0 0.899225
1 1 2 1 1 0.899225
1 1 2 1 2 0.899225
1 1 2 1 3 0.899225
1 1 2 1 4 0.899225
1 1 2 1 5 0.899225
1 1 2 1 6 0.899225
1 1 2 1 7 0.899225
1 1 2 1 8 0.899225
1 1 2 1 9 0.899225
1 1 2 1 10 0.899225
1 1 2 1 11 0.899225
1 1 2 1 12 0.899225
1 1 2 1 13 0.899225
1 1 2 1 14 0.899225
1 1 2 1 15 0.899225
1 1 2 1 16 0.899225
1 1 2 1 17 0.906793
1 1 2 1 18 0.886967
1 1 2 1 19 0.928888
1 1 2 1 20 0.885082
1 1 2 1 21 0.908427
1 1 2 1 22 0.859744
1 1 2 1 23 0.879125
1 1 2 1 24 0.936843
1 1 2 1 25 0.95733
1 1 2 1 26 0.96483
1 1 2 1 27 0.915202
1 1 2 1 28 0.824072
1 1 2 1 29 0.931437
1 1 2 1 30 0.947191
1 1 2 1 31 0.933941
1 1 2 1 32 0.890084
1 1 2 1 33 0.942862
1 1 2 1 34 0.955059
1 1 2 1 35 0.956815
1 1 2 1 36 0.944324
1 1 2 1 37 0.962172
1 1 2 1 38 0.955553
1 1 2 1 39 0.941522
1 1 2 1 40 0.938924
1 1 2 1 41 0.939683
1 1 2 1 42 0.937192
1 1 2 1 43 0.909354
1 1 2 1 44 0.818243
1 1 2 1 45 0.895245
1 1 2 1 46 0.896592
1 1 2 1 47 0.903753
1 1 2 1 48 0.908029
1 1 2 1 49 0.901354
1 1 2 1 50 0.897144
1 1 2 1 51 0.90209
1 1 2 1 52 0.900354
1 1 2 1 53 0.899132
1 1 2 1 54 0.891003
1 1 2 1 55 0.918558
1 1 2 1 56 0.917733
1 1 2 1 57 0.923882
1 1 2 1 58 0.933372
1 1 2 1 59 0.925828
1 1 2 1 60 0.922002
1 1 2 1 61 0.945177
1 1 2 1 62 0.919125
1 1 2 1 63 0.919125
1 1 3 1 0 0.53141
1 1 3 1 1 0.53141
1 1 3 1 2 0.53141
1 1 3 1 3 0.53141
1 1 3 1 4 0.53141
1 1 3 1 5 0.53141
1 1 3 1 6 0.53141
1 1 3 1 7 0.53141
1 1 3 1 8 0.53141
1 1 3 1 9 0.53141
1 1 3 1 10 0.53141
1 1 3 1 11 0.53141
1 1 3 1 12 0.53141
1 1 3 1 13 0.53141
1 1 3 1 14 0.53141
1 1 3 1 15 0.53141
1 1 3 1 16 0.53141
1 1 3 1 17 0.290864
1 1 3 1 18 0.433226
1 1 3 1 19 0.416934
1 1 3 1 20 0.534525
1 1 3 1 21 0.852466
1 1 3 1 22 0.930266
1 1 3 1 23 0.941013
1 1 3 1 24 0.943786
1 1 3 1 25 0.928279
1 1 3 1 26 0.935139
1 1 3 1 27 0.937205
1 1 3 1 28 0.932416
1 1 3 1 29 0.935097
1 1 3 1 30 0.934026
1 1 3 1 31 0.889244
1 1 3 1 32 0.838812
1 1 3 1 33 0.868539
1 1 3 1 34 0.864479
1 1 3 1 35 0.869795
1 1 3 1 36 0.868983
1 1 3 1 37 0.876606
1 1 3 1 38 0.866073
1 1 3 1 39 0.861761
1 1 3 1 40 0.858948
1 1 3 1 41 0.810216
1 1 3 1 42 0.828037
1 1 3 1 43 0.800644
1 1 3 1 44 0.789148
1 1 3 1 45 0.811042
1 1 3 1 46 0.809565
1 1 3 1 47 0.791506
1 1 3 1 48 0.797144
1 1 3 1 49 0.836541
1 1 3 1 50 0.848125
1 1 3 1 51 0.861931
1 1 3 1 52 0.852907
1 1 3 1 53 0.869384
1 1 3 1 54 0.869827
1 1 3 1 55 0.883932
1 1 3 1 56 0.879583
1 1 3 1 57 0.902502
1 1 3 1 58 0.901384
1 1 3 1 59 0.902181
1 1 3 1 60 0.906904
1 1 3 1 61 0.93637
1 1 3 1 62 0.873961
1 1 3 1 63 0.873961
1 1 4 1 0 0.661597
1 1 4 1 1 0.891303
1 1 4 1 2 0.923891
1 1 4 1 3 0.936337
1 1 4 1 4 0.950415
1 1 4 1 5 0.97288
1 1 4 1 6 0.980914
1 1 4 1 7 0.982377
1 1 4 1 8 0.967672
1 1 4 1 9 0.974193
1 1 4 1 10 0.979461
1 1 4 1 11 0.966334
1 1 4 1 12 0.961328
1 1 4 1 13 0.958051
1 1 4 1 14 0.95454
1 1 4 1 15 0.942413
1 1 4 1 16 0.95672
1 1 4 1 17 0.949837
1 1 4 1 18 0.944018
1 1 4 1 19 0.941064
1 1 4 1 20 0.910909
1 1 4 1 21 0.206673
1 1 4 1 22 0.682644
1 1 4 1 23 0.854037
1 1 4 1 24 0.701645
1 1 4 1 25 0.333472
1 1 5 1 0 0.907059
1 1 5 1 1 0.907059
1 1 5 1 2 0.958164
1 1 5 1 3 0.926502
1 1 5 1 4 0.915817
1 1 5 1 5 0.915533
1 1 5 1 6 0.900153
1 1 5 1 7 0.898529
1 1 5 1 8 0.92703
1 1 5 1 9 0.914567
1 1 5 1 10 0.926769
1 1 5 1 11 0.905248
1 1 5 1 12 0.877719
1 1 5 1 13 0.884835
1 1 5 1 14 0.850779
1 1 5 1 15 0.841045
1 1 5 1 16 0.884197
1 1 5 1 17 0.909065
1 1 5 1 18 0.905877
1 1 5 1 19 0.920424
1 1 5 1 20 0.921043
1 1 5 1 21 0.940682
1 1 5 1 22 0.946039
1 1 5 1 23 0.940584
1 1 5 1 24 0.943322
1 1 5 1 25 0.938663
1 1 5 1 26 0.950573
1 1 5 1 27 0.951966
1 1 5 1 28 0.939375
1 1 5 1 29 0.95041
1 1 5 1 30 0.947259
1 1 5 1 31 0.94767
1 1 5 1 32 0.94659
1 1 5 1 33 0.958407
1 1 5 1 34 0.949228
1 1 5 1 35 0.939682
1 1 5 1 36 0.949149
1 1 5 1 37 0.959458
1 1 5 1 38 0.93907
1 1 5 1 39 0.952029
1 1 5 1 40 0.958233
1 1 5 1 41 0.954292
1 1 5 1 42 0.970555
1 1 5 1 43 0.972581
1 1 5 1 44 0.975899
1 1 5 1 45 0.981951
1 1 5 1 46 0.968743
1 1 5 1 47 0.976907
1 1 5 1 48 0.93923
1 1 5 1 49 0.97784
1 1 5 1 50 0.97784
1 1 5 1 51 0.97784
1 1 5 1 52 0.97784
1 1 5 1 53 0.97784
1 1 5 1 54 0.97784
1 1 5 1 55 0.97784
1 1 5 1 56 0.97784
1 1 5 1 57 0.97784
1 1 5 1 58 0.97784
1 1 5 1 59 0.97784
1 1 5 1 60 0.97784
1 1 5 1 61 0.97784
1 1 5 1 62 0.97784
1 1 5 1 63 0.97784
1 2 0 0 0 0.982215
1 2 0 0 1 0.982215
1 2 0 0 2 0.967716
1 2 0 0 3 0.974841
1 2 0 0 4 0.97942
1 2 0 0 5 0.982798
1 2 0 0 6 0.984948
1 2 0 0 7 0.987896
1 2 0 0 8 0.986888
1 2 0 0 9 0.98794
1 2 0 0 10 0.985891
1 2 0 0 11 0.977597
1 2 0 0 12 0.982786
1 2 0 0 13 0.981911
1 2 0 0 14 0.976336
1 2 0 0 15 0.969857
1 2 0 0 16 0.970578
1 2 0 0 17 0.967785
1 2 0 0 18 0.970553
1 2 0 0 19 0.953857
1 2 0 0 20 0.941939
1 2 0 0 21 0.947896
1 2 0 0 22 0.924552
1 2 0 0 23 0.948141
1 2 0 0 24 0.935721
1 2 0 0 25 0.931083
1 2 0 0 26 0.948841
1 2 0 0 27 0.95564
1 2 0 0 28 0.952344
1 2 0 0 29 0.957933
1 2 0 0 30 0.943347
1 2 0 0 31 0.951836
1 2 0 0 32 0.950793
1 2 0 0 33 0.957483
1 2 0 0 34 0.967911
1 2 0 0 35 0.950973
1 2 0 0 36 0.942868
1 2 0 0 37 0.949767
1 2 0 0 38 0.941027
1 2 0 0 39 0.924437
1 2 0 0 40 0.924437
1 2 0 0 41 0.924437
1 2 0 0 42 0.924437
1 2 0 0 43 0.958033
1 2 0 0 44 0.939273
1 2 0 0 45 0.949668
1 2 0 0 46 0.93937
1 2 0 0 47 0.864432
1 2 0 0 48 0.785707
1 2 0 0 49 0.94755
1 2 0 0 50 0.937248
1 2 0 0 51 0.951086
1 2 0 0 52 0.936072
1 2 0 0 53 0.984752
1 2 0 0 54 0.924437
1 2 0 0 55 0.924437
1 2 0 0 56 0.924437
1 2 0 0 57 0.924437
1 2 0 0 58 0.924437
1 2 1 0 0 0.876862
1 2 1 0 1 0.84757
1 2 1 0 2 0.858867
1 2 1 0 3 0.881953
1 2 1 0 4 0.865621
1 2 1 0 5 0.862401
1 2 1 0 6 0.886962
1 2 1 0 7 0.899491
1 2 1 0 8 0.897526
1 2 1 0 9 0.901801
1 2 1 0 10 0.888431
1 2 1 0 11 0.882336
1 2 1 0 12 0.65787
1 2 1 0 13 0.654034
1 2 1 0 14 0.913644
1 2 1 0 15 0.922825
1 2 1 0 16 0.924084
1 2 1 0 17 0.943323
1 2 1 0 18 0.944206
1 2 1 0 19 0.942262
1 2 1 0 20 0.934826
1 2 1 0 21 0.941588
1 2 1 0 22 0.941773
1 2 1 0 23 0.667503
1 2 1 0 24 0.302632
1 2 1 0 25 0.327639
1 2 1 0 26 0.463973
1 2 1 0 27 0.676465
1 2 1 0 28 0.699884
1 2 1 0 29 0.561818
1 2 1 0 30 0.277569
1 2 1 0 31 0.382792
1 2 1 0 32 0.314726
1 2 1 0 33 0.531565
1 2 1 0 34 0.266964
1 2 1 0 35 0.365917
1 2 1 0 36 0.784996
1 2 1 0 37 0.940953
1 2 1 0 38 0.907676
1 2 1 0 39 0.818421
1 2 1 0 40 0.690651
1 2 1 0 41 0.511786
1 2 1 0 42 0.511786
1 2 1 0 43 0.511786
1 2 1 0 44 0.511786
1 2 2 0 0 0.905967
1 2 2 0 1 0.905967
1 2 2 0 2 0.93888
1 2 2 0 3 0.940929
1 2 2 0 4 0.848152
1 2 2 0 5 0.413965
1 2 2 0 6 0.866848
1 2 2 0 7 0.942271
1 2 2 0 8 0.91592
1 2 2 0 9 0.929456
1 2 2 0 10 0.93452
1 2 2 0 11 0.921083
1 2 2 0 12 0.924832
1 2 2 0 13 0.927154
1 2 2 0 14 0.933141
1 2 2 0 15 0.946521
1 2 2 0 16 0.943965
1 2 2 0 17 0.934048
1 2 2 0 18 0.929813
1 2 2 0 19 0.8786
1 2 2 0 20 0.900996
1 2 2 0 21 0.898655
1 2 2 0 22 0.897286
1 2 2 0 23 0.907407
1 2 2 0 24 0.903406
1 2 2 0 25 0.904769
1 2 2 0 26 0.905413
1 2 2 0 27 0.923179
1 2 2 0 28 0.923732
1 2 2 0 29 0.904435
1 2 2 0 30 0.923895
1 2 2 0 31 0.920189
1 2 2 0 32 0.930065
1 2 2 0 33 0.909628
1 2 2 0 34 0.889974
1 2 2 0 35 0.911127
1 2 2 0 36 0.515192
1 2 2 0 37 0.898119
1 2 2 0 38 0.860537
1 2 2 0 39 0.189071
1 2 2 0 40 0.45782
1 2 2 0 41 0.377653
1 2 2 0 42 0.191073
1 2 2 0 43 0.359029
1 2 2 0 44 0.468829
1 2 2 0 45 0.72409
1 2 2 0 46 0.83772
1 2 2 0 47 0.891815
1 2 2 0 48 0.814437
1 2 2 0 49 0.812687
1 2 2 0 50 0.800932
1 2 2 0 51 0.939213
1 2 2 0 52 0.952336
1 2 2 0 53 0.463302
1 2 2 0 54 0.463302
1 2 2 0 55 0.463302
1 2 2 0 56 0.463302
1 2 2 0 57 0.463302
1 2 2 0 58 0.463302
1 2 3 0 0 0.966492
1 2 3 0 1 0.966492
1 2 3 0 2 0.966492
1 2 3 0 3 0.966492
1 2 3 0 4 0.966492
1 2 3 0 5 0.952494
1 2 3 0 6 0.973266
1 2 3 0 7 0.960449
1 2 3 0 8 0.971636
1 2 3 0 9 0.964717
1 2 3 0 10 0.966276
1 2 3 0 11 0.974668
1 2 3 0 12 0.97005
1 2 3 0 13 0.9654
1 2 3 0 14 0.946631
1 2 3 0 15 0.958231
1 2 3 0 16 0.944598
1 2 3 0 17 0.954107
1 2 3 0 18 0.967346
1 2 3 0 19 0.971022
1 2 3 0 20 0.967517
1 2 3 0 21 0.96563
1 2 3 0 22 0.961502
1 2 3 0 23 0.95031
1 2 3 0 24 0.949353
1 2 3 0 25 0.952113
1 2 3 0 26 0.95133
1 2 3 0 27 0.944233
1 2 3 0 28 0.941691
1 2 3 0 29 0.945456
1 2 3 0 30 0.943162
1 2 3 0 31 0.938748
1 2 3 0 32 0.928572
1 2 3 0 33 0.902686
1 2 3 0 34 0.940191
1 2 3 0 35 0.939256
1 2 3 0 36 0.941212
1 2 3 0 37 0.945504
1 2 3 0 38 0.959653
1 2 3 0 39 0.969324
1 2 3 0 40 0.962107
1 2 3 0 41 0.963545
1 2 3 0 42 0.95701
1 2 3 0 43 0.957454
1 2 3 0 44 0.95647
1 2 3 0 45 0.958235
1 2 3 0 46 0.957823
1 2 3 0 47 0.95646
1 2 3 0 48 0.950324
1 2 3 0 49 0.955211
1 2 3 0 50 0.963185
1 2 3 0 51 0.967146
1 2 3 0 52 0.960481
1 2 3 0 53 0.969024
1 2 3 0 54 0.968713
1 2 3 0 55 0.967922
1 2 3 0 56 0.959547
1 2 3 0 57 0.963664
1 2 3 0 58 0.963664
1 2 4 0 0 0.949083
1 2 4 0 1 0.949083
1 2 4 0 2 0.949083
1 2 4 0 3 0.949083
1 2 4 0 4 0.949083
1 2 4 0 5 0.971684
1 2 4 0 6 0.938417
1 2 4 0 7 0.940491
1 2 4 0 8 0.937213
1 2 4 0 9 0.94664
1 2 4 0 10 0.9408
1 2 4 0 11 0.938154
1 2 4 0 12 0.955865
1 2 4 0 13 0.955027
1 2 4 0 14 0.957138
1 2 4 0 15 0.948185
1 2 4 0 16 0.951887
1 2 4 0 17 0.951134
1 2 4 0 18 0.942596
1 2 4 0 19 0.942485
1 2 4 0 20 0.939662
1 2 4 0 21 0.952712
1 2 4 0 22 0.950007
1 2 4 0 23 0.956808
1 2 4 0 24 0.957685
1 2 4 0 25 0.949783
1 2 4 0 26 0.937208
1 2 4 0 27 0.951327
1 2 4 0 28 0.938874
1 2 4 0 29 0.945205
1 2 4 0 30 0.942392
1 2 4 0 31 0.936707
1 2 4 0 32 0.925279
1 2 4 0 33 0.943252
1 2 4 0 34 0.913972
1 2 4 0 35 0.182948
1 2 4 0 36 0.083964
1 2 4 0 37 0.854114
1 2 4 0 38 0.918434
1 2 4 0 39 0.929578
1 2 4 0 40 0.927794
1 2 4 0 41 0.925656
1 2 4 0 42 0.912553
1 2 4 0 43 0.893407
1 2 4 0 44 0.84333
1 2 5 0 0 0.937985
1 2 5 0 1 0.937985
1 2 5 0 2 0.937985
1 2 5 0 3 0.937985
1 2 5 0 4 0.937985
1 2 5 0 5 0.972513
1 2 5 0 6 0.969346
1 2 5 0 7 0.972835
1 2 5 0 8 0.967129
1 2 5 0 9 0.752667
1 2 5 0 10 0.817942
1 2 5 0 11 0.96699
1 2 5 0 12 0.950561
1 2 5 0 13 0.970668
1 2 5 0 14 0.944964
1 2 5 0 15 0.955597
1 2 5 0 16 0.943294
1 2 5 0 17 0.954629
1 2 5 0 18 0.950597
1 2 5 0 19 0.958321
1 2 5 0 20 0.958625
1 2 5 0 21 0.94831
1 2 5 0 22 0.955151
1 2 5 0 23 0.944173
1 2 5 0 24 0.945213
1 2 5 0 25 0.940154
1 2 5 0 26 0.935674
1 2 5 0 27 0.943836
1 2 5 0 28 0.935156
1 2 5 0 29 0.937007
1 2 5 0 30 0.951784
1 2 5 0 31 0.948141
1 2 5 0 32 0.9413
1 2 5 0 33 0.94068
1 2 5 0 34 0.940199
1 2 5 0 35 0.941425
1 2 5 0 36 0.936435
1 2 5 0 37 0.935907
1 2 5 0 38 0.955745
1 2 5 0 39 0.960152
1 2 5 0 40 0.962641
1 2 5 0 41 0.95788
1 2 5 0 42 0.952008
1 2 5 0 43 0.962759
1 2 5 0 44 0.9579
1 2 5 0 45 0.960935
1 2 5 0 46 0.945998
1 2 5 0 47 0.886563
1 2 5 0 48 0.761975
1 2 5 0 49 0.873632
1 2 5 0 50 0.912842
1 2 5 0 51 0.873413
1 2 5 0 52 0.962168
1 2 5 0 53 0.962174
1 2 5 0 54 0.966771
1 2 5 0 55 0.957579
1 2 5 0 56 0.956913
1 2 5 0 57 0.934771
1 2 5 0 58 0.934771
1 2 0 1 0 0.92052
1 2 0 1 1 0.92052
1 2 0 1 2 0.930702
1 2 0 1 3 0.949225
1 2 0 1 4 0.929628
1 2 0 1 5 0.912718
1 2 0 1 6 0.923996
1 2 0 1 7 0.900627
1 2 0 1 8 0.900437
1 2 0 1 9 0.892022
1 2 0 1 10 0.896692
1 2 0 1 11 0.874223
1 2 0 1 12 0.921549
1 2 0 1 13 0.926144
1 2 0 1 14 0.930629
1 2 0 1 15 0.923243
1 2 0 1 16 0.933639
1 2 0 1 17 0.923015
1 2 0 1 18 0.92757
1 2 0 1 19 0.930145
1 2 0 1 20 0.942258
1 2 0 1 21 0.951486
1 2 0 1 22 0.940933
1 2 0 1 23 0.938631
1 2 0 1 24 0.950793
1 2 0 1 25 0.939627
1 2 0 1 26 0.953705
1 2 0 1 27 0.964604
1 2 0 1 28 0.958328
1 2 0 1 29 0.958916
1 2 0 1 30 0.964163
1 2 0 1 31 0.96323
1 2 0 1 32 0.954542
1 2 0 1 33 0.964014
1 2 0 1 34 0.973329
1 2 0 1 35 0.959152
1 2 0 1 36 0.97599
1 2 0 1 37 0.959657
1 2 0 1 38 0.946084
1 2 0 1 39 0.738462
1 2 0 1 40 0.572811
1 2 0 1 41 0.747582
1 2 0 1 42 0.926308
1 2 0 1 43 0.963559
1 2 0 1 44 0.961114
1 2 0 1 45 0.961153
1 2 0 1 46 0.965282
1 2 0 1 47 0.980427
1 2 0 1 48 0.981912
1 2 0 1 49 0.986113
1 2 0 1 50 0.965808
1 2 0 1 51 0.965808
1 2 0 1 52 0.965808
1 2 0 1 53 0.965808
1 2 0 1 54 0.965808
1 2 0 1 55 0.965808
1 2 0 1 56 0.965808
1 2 0 1 57 0.965808
1 2 0 1 58 0.965808
1 2 0 1 59 0.965808
1 2 0 1 60 0.965808
1 2 0 1 61 0.965808
1 2 0 1 62 0.965808
1 2 0 1 63 0.965808
1 2 1 1 0 0.389371
1 2 1 1 1 0.507908
1 2 1 1 2 0.573755
1 2 1 1 3 0.569548
1 2 1 1 4 0.548727
1 2 1 1 5 0.535899
1 2 1 1 6 0.51921
1 2 1 1 7 0.528646
1 2 1 1 8 0.534524
1 2 1 1 9 0.536836
1 2 1 1 10 0.531261
1 2 1 1 11 0.522765
1 2 1 1 12 0.524456
1 2 1 1 13 0.537651
1 2 1 1 14 0.560793
1 2 1 1 15 0.572173
1 2 1 1 16 0.586726
1 2 1 1 17 0.598362
1 2 1 1 18 0.589557
1 2 1 1 19 0.584225
1 2 1 1 20 0.57965
1 2 1 1 21 0.567572
1 2 1 1 22 0.555939
1 2 1 1 23 0.543848
1 2 1 1 24 0.527252
1 2 1 1 25 0.456941
1 2 2 1 0 0.972314
1 2 2 1 1 0.972314
1 2 2 1 2 0.972314
1 2 2 1 3 0.972314
1 2 2 1 4 0.972314
1 2 2 1 5 0.972314
1 2 2 1 6 0.972314
1 2 2 1 7 0.972314
1 2 2 1 8 0.972314
1 2 2 1 9 0.972314
1 2 2 1 10 0.972314
1 2 2 1 11 0.972314
1 2 2 1 12 0.972314
1 2 2 1 13 0.972314
1 2 2 1 14 0.962472
1 2 2 1 15 0.961921
1 2 2 1 16 0.969397
1 2 2 1 17 0.956943
1 2 2 1 18 0.964101
1 2 2 1 19 0.968383
1 2 2 1 20 0.968287
1 2 2 1 21 0.970829
1 2 2 1 22 0.958466
1 2 2 1 23 0.96632
1 2 2 1 24 0.964353
1 2 2 1 25 0.964852
1 2 2 1 26 0.963639
1 2 2 1 27 0.944563
1 2 2 1 28 0.897157
1 2 2 1 29 0.753277
1 2 2 1 30 0.954266
1 2 2 1 31 0.951945
1 2 2 1 32 0.961111
1 2 2 1 33 0.957652
1 2 2 1 34 0.936852
1 2 2 1 35 0.947824
1 2 2 1 36 0.950892
1 2 2 1 37 0.949492
1 2 2 1 38 0.947603
1 2 2 1 39 0.932461
1 2 2 1 40 0.938887
1 2 2 1 41 0.932438
1 2 2 1 42 0.9346
1 2 2 1 43 0.920189
1 2 2 1 44 0.918024
1 2 2 1 45 0.925163
1 2 2 1 46 0.922831
1 2 2 1 47 0.914046
1 2 2 1 48 0.922425
1 2 2 1 49 0.922856
1 2 2 1 50 0.929995
1 2 2 1 51 0.92553
1 2 2 1 52 0.885411
1 2 2 1 53 0.56744
1 2 2 1 54 0.880397
1 2 2 1 55 0.925583
1 2 2 1 56 0.930953
1 2 2 1 57 0.934649
1 2 2 1 58 0.938542
1 2 2 1 59 0.936575
1 2 2 1 60 0.932701
1 2 2 1 61 0.913822
1 2 2 1 62 0.899794
1 2 2 1 63 0.899794
1 2 3 1 0 0.967005
1 2 3 1 1 0.967005
1 2 3 1 2 0.967005
1 2 3 1 3 0.967005
1 2 3 1 4 0.967005
1 2 3 1 5 0.967005
1 2 3 1 6 0.967005
1 2 3 1 7 0.967005
1 2 3 1 8 0.967005
1 2 3 1 9 0.967005
1 2 3 1 10 0.967005
1 2 3 1 11 0.967005
1 2 3 1 12 0.967005
1 2 3 1 13 0.967005
1 2 3 1 14 0.967005
1 2 3 1 15 0.977171
1 2 3 1 16 0.969064
1 2 3 1 17 0.975044
1 2 3 1 18 0.963073
1 2 3 1 19 0.960242
1 2 3 1 20 0.962175
1 2 3 1 21 0.968809
1 2 3 1 22 0.943286
1 2 3 1 23 0.927784
1 2 3 1 24 0.942775
1 2 3 1 25 0.938745
1 2 3 1 26 0.931002
1 2 3 1 27 0.938661
1 2 3 1 28 0.937526
1 2 3 1 29 0.924112
1 2 3 1 30 0.921378
1 2 3 1 31 0.817488
1 2 3 1 32 0.72351
1 2 3 1 33 0.746801
1 2 3 1 34 0.7316
1 2 3 1 35 0.706784
1 2 3 1 36 0.721419
1 2 3 1 37 0.725675
1 2 3 1 38 0.716627
1 2 3 1 39 0.708268
1 2 3 1 40 0.677962
1 2 3 1 41 0.683555
1 2 3 1 42 0.72439
1 2 3 1 43 0.781885
1 2 3 1 44 0.801974
1 2 3 1 45 0.82802
1 2 3 1 46 0.834838
1 2 3 1 47 0.823277
1 2 3 1 48 0.819476
1 2 3 1 49 0.657275
1 2 3 1 50 0.624901
1 2 3 1 51 0.862238
1 2 3 1 52 0.875339
1 2 3 1 53 0.897301
1 2 3 1 54 0.900834
1 2 3 1 55 0.909816
1 2 3 1 56 0.912739
1 2 3 1 57 0.905143
1 2 3 1 58 0.907012
1 2 3 1 59 0.901358
1 2 3 1 60 0.910287
1 2 3 1 61 0.93901
1 2 3 1 62 0.862823
1 2 3 1 63 0.862823
1 2 4 1 0 0.963401
1 2 4 1 1 0.965781
1 2 4 1 2 0.959665
1 2 4 1 3 0.960004
1 2 4 1 4 0.971954
1 2 4 1 5 0.971719
1 2 4 1 6 0.979784
1 2 4 1 7 0.98296
1 2 4 1 8 0.981676
1 2 4 1 9 0.981237
1 2 4 1 10 0.980481
1 2 4 1 11 0.972187
1 2 4 1 12 0.979529
1 2 4 1 13 0.970229
1 2 4 1 14 0.97356
1 2 4 1 15 0.97196
1 2 4 1 16 0.951277
1 2 4 1 17 0.954371
1 2 4 1 18 0.959711
1 2 4 1 19 0.964202
1 2 4 1 20 0.950724
1 2 4 1 21 0.942922
1 2 4 1 22 0.95789
1 2 4 1 23 0.875655
1 2 4 1 24 0.061122
1 2 4 1 25 0.0848312
1 2 5 1 0 0.906764
1 2 5 1 1 0.906764
1 2 5 1 2 0.960054
1 2 5 1 3 0.948157
1 2 5 1 4 0.921814
1 2 5 1 5 0.928084
1 2 5 1 6 0.905836
1 2 5 1 7 0.874998
1 2 5 1 8 0.857755
1 2 5 1 9 0.871266
1 2 5 1 10 0.892043
1 2 5 1 11 0.867574
1 2 5 1 12 0.849895
1 2 5 1 13 0.87953
1 2 5 1 14 0.864543
1 2 5 1 15 0.805595
1 2 5 1 16 0.864614
1 2 5 1 17 0.932142
1 2 5 1 18 0.94323
1 2 5 1 19 0.931215
1 2 5 1 20 0.947322
1 2 5 1 21 0.96373
1 2 5 1 22 0.966251
1 2 5 1 23 0.95553
1 2 5 1 24 0.943361
1 2 5 1 25 0.950085
1 2 5 1 26 0.957914
1 2 5 1 27 0.963009
1 2 5 1 28 0.958791
1 2 5 1 29 0.950358
1 2 5 1 30 0.937585
1 2 5 1 31 0.937381
1 2 5 1 32 0.892635
1 2 5 1 33 0.91177
1 2 5 1 34 0.955568
1 2 5 1 35 0.951046
1 2 5 1 36 0.959913
1 2 5 1 37 0.974413
1 2 5 1 38 0.972906
1 2 5 1 39 0.958942
1 2 5 1 40 0.962285
1 2 5 1 41 0.967567
1 2 5 1 42 0.966023
1 2 5 1 43 0.864523
1 2 5 1 44 0.883028
1 2 5 1 45 0.944866
1 2 5 1 46 0.977742
1 2 5 1 47 0.959308
1 2 5 1 48 0.908198
1 2 5 1 49 0.919931
1 2 5 1 50 0.954284
1 2 5 1 51 0.949838
1 2 5 1 52 0.938949
1 2 5 1 53 0.938949
1 2 5 1 54 0.938949
1 2 5 1 55 0.938949
1 2 5 1 56 0.938949
1 2 5 1 57 0.938949
1 2 5 1 58 0.938949
1 2 5 1 59 0.938949
1 2 5 1 60 0.938949
1 2 5 1 61 0.938949
1 2 5 1 62 0.938949
1 2 5 1 63 0.938949
1 3 0 0 0 0.949165
1 3 0 0 1 0.949165
1 3 0 0 2 0.904499
1 3 0 0 3 0.951333
1 3 0 0 4 0.961267
1 3 0 0 5 0.963686
1 3 0 0 6 0.964695
1 3 0 0 7 0.967323
1 3 0 0 8 0.962086
1 3 0 0 9 0.970128
1 3 0 0 10 0.966677
1 3 0 0 11 0.953956
1 3 0 0 12 0.954213
1 3 0 0 13 0.932682
1 3 0 0 14 0.915143
1 3 0 0 15 0.923668
1 3 0 0 16 0.906257
1 3 0 0 17 0.911228
1 3 0 0 18 0.877525
1 3 0 0 19 0.89016
1 3 0 0 20 0.865996
1 3 0 0 21 0.866587
1 3 0 0 22 0.795779
1 3 0 0 23 0.803384
1 3 0 0 24 0.78911
1 3 0 0 25 0.879105
1 3 0 0 26 0.87832
1 3 0 0 27 0.901277
1 3 0 0 28 0.90674
1 3 0 0 29 0.931893
1 3 0 0 30 0.931217
1 3 0 0 31 0.920137
1 3 0 0 32 0.951995
1 3 0 0 33 0.934948
1 3 0 0 34 0.954063
1 3 0 0 35 0.946566
1 3 0 0 36 0.944666
1 3 0 0 37 0.918328
1 3 0 0 38 0.925595
1 3 0 0 39 0.903495
1 3 0 0 40 0.915338
1 3 0 0 41 0.942591
1 3 0 0 42 0.930783
1 3 0 0 43 0.919244
1 3 0 0 44 0.934344
1 3 0 0 45 0.898255
1 3 0 0 46 0.85139
1 3 0 0 47 0.788821
1 3 0 0 48 0.922367
1 3 0 0 49 0.912873
1 3 0 0 50 0.913627
1 3 0 0 51 0.900173
1 3 0 0 52 0.881362
1 3 0 0 53 0.880987
1 3 0 0 54 0.875885
1 3 0 0 55 0.852446
1 3 0 0 56 0.837923
1 3 0 0 57 0.908514
1 3 0 0 58 0.908514
1 3 1 0 0 0.91031
1 3 1 0 1 0.774611
1 3 1 0 2 0.879497
1 3 1 0 3 0.881191
1 3 1 0 4 0.886112
1 3 1 0 5 0.899071
1 3 1 0 6 0.91993
1 3 1 0 7 0.871619
1 3 1 0 8 0.891063
1 3 1 0 9 0.897061
1 3 1 0 10 0.902969
1 3 1 0 11 0.906678
1 3 1 0 12 0.909452
1 3 1 0 13 0.915714
1 3 1 0 14 0.929199
1 3 1 0 15 0.925838
1 3 1 0 16 0.910521
1 3 1 0 17 0.914042
1 3 1 0 18 0.920703
1 3 1 0 19 0.939682
1 3 1 0 20 0.928229
1 3 1 0 21 0.934835
1 3 1 0 22 0.928839
1 3 1 0 23 0.928709
1 3 1 0 24 0.928975
1 3 1 0 25 0.939541
1 3 1 0 26 0.941062
1 3 1 0 27 0.945099
1 3 1 0 28 0.9497
1 3 1 0 29 0.936223
1 3 1 0 30 0.904221
1 3 1 0 31 0.859936
1 3 1 0 32 0.92163
1 3 1 0 33 0.943882
1 3 1 0 34 0.948856
1 3 1 0 35 0.934052
1 3 1 0 36 0.94792
1 3 1 0 37 0.94834
1 3 1 0 38 0.943536
1 3 1 0 39 0.956577
1 3 1 0 40 0.957176
1 3 1 0 41 0.946371
1 3 1 0 42 0.930709
1 3 1 0 43 0.938563
1 3 1 0 44 0.934684
1 3 2 0 0 0.810302
1 3 2 0 1 0.810302
1 3 2 0 2 0.814517
1 3 2 0 3 0.862524
1 3 2 0 4 0.825243
1 3 2 0 5 0.858587
1 3 2 0 6 0.775636
1 3 2 0 7 0.800054
1 3 2 0 8 0.796062
1 3 2 0 9 0.849127
1 3 2 0 10 0.826931
1 3 2 0 11 0.876452
1 3 2 0 12 0.836817
1 3 2 0 13 0.816967
1 3 2 0 14 0.777069
1 3 2 0 15 0.741025
1 3 2 0 16 0.681076
1 3 2 0 17 0.715705
1 3 2 0 18 0.795456
1 3 2 0 19 0.658755
1 3 2 0 20 0.578366
1 3 2 0 21 0.555441
1 3 2 0 22 0.562135
1 3 2 0 23 0.531612
1 3 2 0 24 0.511639
1 3 2 0 25 0.476061
1 3 2 0 26 0.386978
1 3 2 0 27 0.437468
1 3 2 0 28 0.46577
1 3 2 0 29 0.427521
1 3 2 0 30 0.349373
1 3 2 0 31 0.371285
1 3 2 0 32 0.420841
1 3 2 0 33 0.480401
1 3 2 0 34 0.53838
1 3 2 0 35 0.595803
1 3 2 0 36 0.611389
1 3 2 0 37 0.646685
1 3 2 0 38 0.677447
1 3 2 0 39 0.823295
1 3 2 0 40 0.8545
1 3 2 0 41 0.911872
1 3 2 0 42 0.901809
1 3 2 0 43 0.760979
1 3 2 0 44 0.774001
1 3 2 0 45 0.666014
1 3 2 0 46 0.581431
1 3 2 0 47 0.457755
1 3 2 0 48 0.366997
1 3 2 0 49 0.317594
1 3 2 0 50 0.25461
1 3 2 0 51 0.291484
1 3 2 0 52 0.206756
1 3 2 0 53 0.14363
1 3 2 0 54 0.294031
1 3 2 0 55 0.626008
1 3 2 0 56 0.661189
1 3 2 0 57 0.661189
1 3 2 0 58 0.661189
1 3 3 0 0 0.880242
1 3 3 0 1 0.880242
1 3 3 0 2 0.889078
1 3 3 0 3 0.825742
1 3 3 0 4 0.693733
1 3 3 0 5 0.753675
1 3 3 0 6 0.844403
1 3 3 0 7 0.871396
1 3 3 0 8 0.899979
1 3 3 0 9 0.90381
1 3 3 0 10 0.872698
1 3 3 0 11 0.893231
1 3 3 0 12 0.894459
1 3 3 0 13 0.738432
1 3 3 0 14 0.662829
1 3 3 0 15 0.901958
1 3 3 0 16 0.925157
1 3 3 0 17 0.944555
1 3 3 0 18 0.935384
1 3 3 0 19 0.9463
1 3 3 0 20 0.95503
1 3 3 0 21 0.940373
1 3 3 0 22 0.936372
1 3 3 0 23 0.910105
1 3 3 0 24 0.891732
1 3 3 0 25 0.833898
1 3 3 0 26 0.852572
1 3 3 0 27 0.861229
1 3 3 0 28 0.840467
1 3 3 0 29 0.74812
1 3 3 0 30 0.756485
1 3 3 0 31 0.751228
1 3 3 0 32 0.755165
1 3 3 0 33 0.769174
1 3 3 0 34 0.798196
1 3 3 0 35 0.86982
1 3 3 0 36 0.87511
1 3 3 0 37 0.886046
1 3 3 0 38 0.896505
1 3 3 0 39 0.918556
1 3 3 0 40 0.946689
1 3 3 0 41 0.942298
1 3 3 0 42 0.933896
1 3 3 0 43 0.938784
1 3 3 0 44 0.938475
1 3 3 0 45 0.939298
1 3 3 0 46 0.932455
1 3 3 0 47 0.920189
1 3 3 0 48 0.912453
1 3 3 0 49 0.909004
1 3 3 0 50 0.90415
1 3 3 0 51 0.890855
1 3 3 0 52 0.899178
1 3 3 0 53 0.88552
1 3 3 0 54 0.875472
1 3 3 0 55 0.846584
1 3 3 0 56 0.776712
1 3 3 0 57 0.915992
1 3 3 0 58 0.915992
1 3 4 0 0 0.924517
1 3 4 0 1 0.924517
1 3 4 0 2 0.911221
1 3 4 0 3 0.940198
1 3 4 0 4 0.956955
1 3 4 0 5 0.934329
1 3 4 0 6 0.945627
1 3 4 0 7 0.924018
1 3 4 0 8 0.943567
1 3 4 0 9 0.85674
1 3 4 0 10 0.636176
1 3 4 0 11 0.900319
1 3 4 0 12 0.94907
1 3 4 0 13 0.944921
1 3 4 0 14 0.925876
1 3 4 0 15 0.914837
1 3 4 0 16 0.940386
1 3 4 0 17 0.946408
1 3 4 0 18 0.925968
1 3 4 0 19 0.936957
1 3 4 0 20 0.920982
1 3 4 0 21 0.915953
1 3 4 0 22 0.917834
1 3 4 0 23 0.924711
1 3 4 0 24 0.913578
1 3 4 0 25 0.899752
1 3 4 0 26 0.923046
1 3 4 0 27 0.931588
1 3 4 0 28 0.923651
1 3 4 0 29 0.929451
1 3 4 0 30 0.931838
1 3 4 0 31 0.93695
1 3 4 0 32 0.943458
1 3 4 0 33 0.949289
1 3 4 0 34 0.939624
1 3 4 0 35 0.92305
1 3 4 0 36 0.924616
1 3 4 0 37 0.933608
1 3 4 0 38 0.919738
1 3 4 0 39 0.915898
1 3 4 0 40 0.894034
1 3 4 0 41 0.888831
1 3 4 0 42 0.824196
1 3 4 0 43 0.694436
1 3 4 0 44 0.709281
1 3 5 0 0 0.908699
1 3 5 0 1 0.908699
1 3 5 0 2 0.913571
1 3 5 0 3 0.922047
1 3 5 0 4 0.933989
1 3 5 0 5 0.920363
1 3 5 0 6 0.918722
1 3 5 0 7 0.926921
1 3 5 0 8 0.910849
1 3 5 0 9 0.911598
1 3 5 0 10 0.932201
1 3 5 0 11 0.921025
1 3 5 0 12 0.926589
1 3 5 0 13 0.908714
1 3 5 0 14 0.902992
1 3 5 0 15 0.900634
1 3 5 0 16 0.899209
1 3 5 0 17 0.875995
1 3 5 0 18 0.859607
1 3 5 0 19 0.85892
1 3 5 0 20 0.901566
1 3 5 0 21 0.910758
1 3 5 0 22 0.920456
1 3 5 0 23 0.899369
1 3 5 0 24 0.883271
1 3 5 0 25 0.763758
1 3 5 0 26 0.423415
1 3 5 0 27 0.803464
1 3 5 0 28 0.849095
1 3 5 0 29 0.832197
1 3 5 0 30 0.81633
1 3 5 0 31 0.758174
1 3 5 0 32 0.768512
1 3 5 0 33 0.736338
1 3 5 0 34 0.771772
1 3 5 0 35 0.803545
1 3 5 0 36 0.827649
1 3 5 0 37 0.815235
1 3 5 0 38 0.76928
1 3 5 0 39 0.809827
1 3 5 0 40 0.798738
1 3 5 0 41 0.839104
1 3 5 0 42 0.869719
1 3 5 0 43 0.82765
1 3 5 0 44 0.858556
1 3 5 0 45 0.434715
1 3 5 0 46 0.650058
1 3 5 0 47 0.824048
1 3 5 0 48 0.89033
1 3 5 0 49 0.875508
1 3 5 0 50 0.91993
1 3 5 0 51 0.919314
1 3 5 0 52 0.951035
1 3 5 0 53 0.916222
1 3 5 0 54 0.85058
1 3 5 0 55 0.932588
1 3 5 0 56 0.926662
1 3 5 0 57 0.854614
1 3 5 0 58 0.854614
1 3 0 1 0 0.918315
1 3 0 1 1 0.918315
1 3 0 1 2 0.907998
1 3 0 1 3 0.927064
1 3 0 1 4 0.924865
1 3 0 1 5 0.920846
1 3 0 1 6 0.916302
1 3 0 1 7 0.922925
1 3 0 1 8 0.930003
1 3 0 1 9 0.927187
1 3 0 1 10 0.916784
1 3 0 1 11 0.918613
1 3 0 1 12 0.92979
1 3 0 1 13 0.929138
1 3 0 1 14 0.94263
1 3 0 1 15 0.935642
1 3 0 1 16 0.891115
1 3 0 1 17 0.91265
1 3 0 1 18 0.900903
1 3 0 1 19 0.904351
1 3 0 1 20 0.934992
1 3 0 1 21 0.934416
1 3 0 1 22 0.93612
1 3 0 1 23 0.926421
1 3 0 1 24 0.938061
1 3 0 1 25 0.940057
1 3 0 1 26 0.94038
1 3 0 1 27 0.936222
1 3 0 1 28 0.930465
1 3 0 1 29 0.930362
1 3 0 1 30 0.934484
1 3 0 1 31 0.942452
1 3 0 1 32 0.933167
1 3 0 1 33 0.934652
1 3 0 1 34 0.931117
1 3 0 1 35 0.945596
1 3 0 1 36 0.944398
1 3 0 1 37 0.932559
1 3 0 1 38 0.942592
1 3 0 1 39 0.928385
1 3 0 1 40 0.933926
1 3 0 1 41 0.945548
1 3 0 1 42 0.929249
1 3 0 1 43 0.965816
1 3 0 1 44 0.954877
1 3 0 1 45 0.963109
1 3 0 1 46 0.952796
1 3 0 1 47 0.963992
1 3 0 1 48 0.948702
1 3 0 1 49 0.940304
1 3 0 1 50 0.931596
1 3 0 1 51 0.955304
1 3 0 1 52 0.955661
1 3 0 1 53 0.94618
1 3 0 1 54 0.95774
1 3 0 1 55 0.95774
1 3 0 1 56 0.95774
1 3 0 1 57 0.95774
1 3 0 1 58 0.95774
1 3 0 1 59 0.95774
1 3 0 1 60 0.95774
1 3 0 1 61 0.95774
1 3 0 1 62 0.95774
1 3 0 1 63 0.95774
1 3 1 1 0 0.939898
1 3 1 1 1 0.95679
1 3 1 1 2 0.940147
1 3 1 1 3 0.957909
1 3 1 1 4 0.944003
1 3 1 1 5 0.940499
1 3 1 1 6 0.967334
1 3 1 1 7 0.962571
1 3 1 1 8 0.957508
1 3 1 1 9 0.963605
1 3 1 1 10 0.96707
1 3 1 1 11 0.969296
1 3 1 1 12 0.967009
1 3 1 1 13 0.967634
1 3 1 1 14 0.965231
1 3 1 1 15 0.965473
1 3 1 1 16 0.963776
1 3 1 1 17 0.966104
1 3 1 1 18 0.963233
1 3 1 1 19 0.961067
1 3 1 1 20 0.956969
1 3 1 1 21 0.95942
1 3 1 1 22 0.95438
1 3 1 1 23 0.961268
1 3 1 1 24 0.953189
1 3 1 1 25 0.919046
1 3 2 1 0 0.583685
1 3 2 1 1 0.583685
1 3 2 1 2 0.583685
1 3 2 1 3 0.583685
1 3 2 1 4 0.583685
1 3 2 1 5 0.583685
1 3 2 1 6 0.583685
1 3 2 1 7 0.583685
1 3 2 1 8 0.583685
1 3 2 1 9 0.583685
1 3 2 1 10 0.746379
1 3 2 1 11 0.762801
1 3 2 1 12 0.724065
1 3 2 1 13 0.78653
1 3 2 1 14 0.697907
1 3 2 1 15 0.879466
1 3 2 1 16 0.854388
1 3 2 1 17 0.856515
1 3 2 1 18 0.804881
1 3 2 1 19 0.68785
1 3 2 1 20 0.12696
1 3 2 1 21 0.0724234
1 3 2 1 22 0.278355
1 3 2 1 23 0.163986
1 3 2 1 24 0.13383
1 3 2 1 25 0.0798987
1 3 2 1 26 0.0541355
1 3 2 1 27 0.0710572
1 3 2 1 28 0.107116
1 3 2 1 29 0.164891
1 3 2 1 30 0.193426
1 3 2 1 31 0.241146
1 3 2 1 32 0.26657
1 3 2 1 33 0.346712
1 3 2 1 34 0.318673
1 3 2 1 35 0.316629
1 3 2 1 36 0.345186
1 3 2 1 37 0.441824
1 3 2 1 38 0.508494
1 3 2 1 39 0.444095
1 3 2 1 40 0.564288
1 3 2 1 41 0.691909
1 3 2 1 42 0.717167
1 3 2 1 43 0.778685
1 3 2 1 44 0.810631
1 3 2 1 45 0.77067
1 3 2 1 46 0.739975
1 3 2 1 47 0.694552
1 3 2 1 48 0.624001
1 3 2 1 49 0.56991
1 3 2 1 50 0.555331
1 3 2 1 51 0.59016
1 3 2 1 52 0.667719
1 3 2 1 53 0.714578
1 3 2 1 54 0.71221
1 3 2 1 55 0.663096
1 3 2 1 56 0.438796
1 3 2 1 57 0.762997
1 3 2 1 58 0.75987
1 3 2 1 59 0.772734
1 3 2 1 60 0.779845
1 3 2 1 61 0.772139
1 3 2 1 62 0.691249
1 3 2 1 63 0.691249
1 3 3 1 0 0.950376
1 3 3 1 1 0.950376
1 3 3 1 2 0.950376
1 3 3 1 3 0.950376
1 3 3 1 4 0.950376
1 3 3 1 5 0.950376
1 3 3 1 6 0.950376
1 3 3 1 7 0.950376
1 3 3 1 8 0.950376
1 3 3 1 9 0.941836
1 3 3 1 10 0.954774
1 3 3 1 11 0.969446
1 3 3 1 12 0.958123
1 3 3 1 13 0.967817
1 3 3 1 14 0.967998
1 3 3 1 15 0.950495
1 3 3 1 16 0.963324
1 3 3 1 17 0.937672
1 3 3 1 18 0.947963
1 3 3 1 19 0.945707
1 3 3 1 20 0.948124
1 3 3 1 21 0.934231
1 3 3 1 22 0.927591
1 3 3 1 23 0.922333
1 3 3 1 24 0.907195
1 3 3 1 25 0.931995
1 3 3 1 26 0.930567
1 3 3 1 27 0.915209
1 3 3 1 28 0.81956
1 3 3 1 29 0.838293
1 3 3 1 30 0.897357
1 3 3 1 31 0.829853
1 3 3 1 32 0.723377
1 3 3 1 33 0.757547
1 3 3 1 34 0.778349
1 3 3 1 35 0.739751
1 3 3 1 36 0.776098
1 3 3 1 37 0.795217
1 3 3 1 38 0.853685
1 3 3 1 39 0.873134
1 3 3 1 40 0.839844
1 3 3 1 41 0.864751
1 3 3 1 42 0.846015
1 3 3 1 43 0.818984
1 3 3 1 44 0.845631
1 3 3 1 45 0.861257
1 3 3 1 46 0.840545
1 3 3 1 47 0.803556
1 3 3 1 48 0.81446
1 3 3 1 49 0.822342
1 3 3 1 50 0.816213
1 3 3 1 51 0.716204
1 3 3 1 52 0.653581
1 3 3 1 53 0.59525
1 3 3 1 54 0.599864
1 3 3 1 55 0.59405
1 3 3 1 56 0.687306
1 3 3 1 57 0.639184
1 3 3 1 58 0.605393
1 3 3 1 59 0.636419
1 3 3 1 60 0.731124
1 3 3 1 61 0.859341
1 3 3 1 62 0.700485
1 3 3 1 63 0.700485
1 3 4 1 0 0.931775
1 3 4 1 1 0.942163
1 3 4 1 2 0.93856
1 3 4 1 3 0.951836
1 3 4 1 4 0.953626
1 3 4 1 5 0.957863
1 3 4 1 6 0.955145
1 3 4 1 7 0.959284
1 3 4 1 8 0.963452
1 3 4 1 9 0.966312
1 3 4 1 10 0.957236
1 3 4 1 11 0.960662
1 3 4 1 12 0.956828
1 3 4 1 13 0.956484
1 3 4 1 14 0.956783
1 3 4 1 15 0.955982
1 3 4 1 16 0.951005
1 3 4 1 17 0.946049
1 3 4 1 18 0.946825
1 3 4 1 19 0.941082
1 3 4 1 20 0.937416
1 3 4 1 21 0.931387
1 3 4 1 22 0.949386
1 3 4 1 23 0.934579
1 3 4 1 24 0.89939
1 3 4 1 25 0.963497
1 3 5 1 0 0.0890042
1 3 5 1 1 0.0890042
1 3 5 1 2 0.0010894
1 3 5 1 3 0.00108983
1 3 5 1 4 0.000641816
1 3 5 1 5 0.00080456
1 3 5 1 6 0.000879763
1 3 5 1 7 0.000924111
1 3 5 1 8 0.000996935
1 3 5 1 9 0.000916152
1 3 5 1 10 0.000933103
1 3 5 1 11 0.000961721
1 3 5 1 12 0.000881381
1 3 5 1 13 0.000901598
1 3 5 1 14 0.000889103
1 3 5 1 15 0.00126345
1 3 5 1 16 0.0198169
1 3 5 1 17 0.621037
1 3 5 1 18 0.917659
1 3 5 1 19 0.933198
1 3 5 1 20 0.937418
1 3 5 1 21 0.935095
1 3 5 1 22 0.928685
1 3 5 1 23 0.930479
1 3 5 1 24 0.931219
1 3 5 1 25 0.93816
1 3 5 1 26 0.931476
1 3 5 1 27 0.933717
1 3 5 1 28 0.936837
1 3 5 1 29 0.956851
1 3 5 1 30 0.956579
1 3 5 1 31 0.732328
1 3 5 1 32 0.680415
1 3 5 1 33 0.895965
1 3 5 1 34 0.927605
1 3 5 1 35 0.918656
1 3 5 1 36 0.916778
1 3 5 1 37 0.94356
1 3 5 1 38 0.934483
1 3 5 1 39 0.95087
1 3 5 1 40 0.92446
1 3 5 1 41 0.932056
1 3 5 1 42 0.930575
1 3 5 1 43 0.94434
1 3 5 1 44 0.86187
1 3 5 1 45 0.663091
1 3 5 1 46 0.868458
1 3 5 1 47 0.950305
1 3 5 1 48 0.937162
1 3 5 1 49 0.929217
1 3 5 1 50 0.934706
1 3 5 1 51 0.966609
1 3 5 1 52 0.953943
1 3 5 1 53 0.958415
1 3 5 1 54 0.967378
1 3 5 1 55 0.967907
1 3 5 1 56 0.906343
1 3 5 1 57 0.906343
1 3 5 1 58 0.906343
1 3 5 1 59 0.906343
1 3 5 1 60 0.906343
1 3 5 1 61 0.906343
1 3 5 1 62 0.906343
1 3 5 1 63 0.906343
1 4 0 0 0 0.942879
1 4 0 0 1 0.942879
1 4 0 0 2 0.870085
1 4 0 0 3 0.944743
1 4 0 0 4 0.954637
1 4 0 0 5 0.953448
1 4 0 0 6 0.955295
1 4 0 0 7 0.95611
1 4 0 0 8 0.95287
1 4 0 0 9 0.946094
1 4 0 0 10 0.943127
1 4 0 0 11 0.94776
1 4 0 0 12 0.94761
1 4 0 0 13 0.954835
1 4 0 0 14 0.94692
1 4 0 0 15 0.927634
1 4 0 0 16 0.915139
1 4 0 0 17 0.934814
1 4 0 0 18 0.914313
1 4 0 0 19 0.872854
1 4 0 0 20 0.827595
1 4 0 0 21 0.713
1 4 0 0 22 0.648378
1 4 0 0 23 0.66565
1 4 0 0 24 0.686751
1 4 0 0 25 0.620414
1 4 0 0 26 0.623334
1 4 0 0 27 0.772058
1 4 0 0 28 0.833757
1 4 0 0 29 0.855421
1 4 0 0 30 0.883626
1 4 0 0 31 0.912244
1 4 0 0 32 0.938868
1 4 0 0 33 0.920423
1 4 0 0 34 0.936256
1 4 0 0 35 0.939583
1 4 0 0 36 0.929588
1 4 0 0 37 0.942473
1 4 0 0 38 0.864019
1 4 0 0 39 0.8321
1 4 0 0 40 0.893058
1 4 0 0 41 0.899057
1 4 0 0 42 0.880117
1 4 0 0 43 0.901578
1 4 0 0 44 0.892738
1 4 0 0 45 0.88925
1 4 0 0 46 0.897728
1 4 0 0 47 0.893329
1 4 0 0 48 0.894335
1 4 0 0 49 0.87797
1 4 0 0 50 0.902544
1 4 0 0 51 0.89008
1 4 0 0 52 0.908753
1 4 0 0 53 0.906399
1 4 0 0 54 0.883243
1 4 0 0 55 0.844997
1 4 0 0 56 0.875901
1 4 0 0 57 0.897162
1 4 0 0 58 0.879626
1 4 1 0 0 0.396557
1 4 1 0 1 0.349215
1 4 1 0 2 0.385212
1 4 1 0 3 0.360192
1 4 1 0 4 0.399962
1 4 1 0 5 0.426985
1 4 1 0 6 0.296815
1 4 1 0 7 0.36735
1 4 1 0 8 0.573137
1 4 1 0 9 0.489682
1 4 1 0 10 0.448237
1 4 1 0 11 0.359049
1 4 1 0 12 0.368014
1 4 1 0 13 0.385966
1 4 1 0 14 0.489184
1 4 1 0 15 0.492852
1 4 1 0 16 0.463318
1 4 1 0 17 0.395521
1 4 1 0 18 0.435923
1 4 1 0 19 0.221204
1 4 1 0 20 0.233403
1 4 1 0 21 0.368086
1 4 1 0 22 0.367794
1 4 1 0 23 0.671997
1 4 1 0 24 0.86989
1 4 1 0 25 0.916294
1 4 1 0 26 0.919589
1 4 1 0 27 0.92112
1 4 1 0 28 0.934193
1 4 1 0 29 0.92961
1 4 1 0 30 0.911757
1 4 1 0 31 0.909886
1 4 1 0 32 0.918435
1 4 1 0 33 0.938804
1 4 1 0 34 0.939997
1 4 1 0 35 0.917348
1 4 1 0 36 0.930762
1 4 1 0 37 0.920744
1 4 1 0 38 0.926747
1 4 1 0 39 0.91998
1 4 1 0 40 0.927326
1 4 1 0 41 0.937793
1 4 1 0 42 0.907018
1 4 1 0 43 0.872189
1 4 1 0 44 0.891756
1 4 2 0 0 0.762559
1 4 2 0 1 0.762559
1 4 2 0 2 0.745557
1 4 2 0 3 0.797296
1 4 2 0 4 0.830309
1 4 2 0 5 0.817771
1 4 2 0 6 0.858503
1 4 2 0 7 0.817354
1 4 2 0 8 0.813588
1 4 2 0 9 0.810346
1 4 2 0 10 0.812464
1 4 2 0 11 0.78471
1 4 2 0 12 0.771105
1 4 2 0 13 0.779318
1 4 2 0 14 0.736228
1 4 2 0 15 0.718755
1 4 2 0 16 0.691967
1 4 2 0 17 0.673897
1 4 2 0 18 0.432464
1 4 2 0 19 0.321533
1 4 2 0 20 0.735062
1 4 2 0 21 0.779716
1 4 2 0 22 0.836483
1 4 2 0 23 0.84488
1 4 2 0 24 0.852746
1 4 2 0 25 0.870615
1 4 2 0 26 0.873947
1 4 2 0 27 0.872368
1 4 2 0 28 0.876939
1 4 2 0 29 0.874401
1 4 2 0 30 0.880545
1 4 2 0 31 0.884761
1 4 2 0 32 0.882045
1 4 2 0 33 0.882544
1 4 2 0 34 0.87347
1 4 2 0 35 0.842732
1 4 2 0 36 0.743704
1 4 2 0 37 0.200319
1 4 2 0 38 0.293779
1 4 2 0 39 0.0332615
1 4 2 0 40 0.312847
1 4 2 0 41 0.0356787
1 4 2 0 42 0.236251
1 4 2 0 43 0.219331
1 4 2 0 44 0.345332
1 4 2 0 45 0.390977
1 4 2 0 46 0.696701
1 4 2 0 47 0.752743
1 4 2 0 48 0.816677
1 4 2 0 49 0.855996
1 4 2 0 50 0.839163
1 4 2 0 51 0.886963
1 4 2 0 52 0.791182
1 4 2 0 53 0.823919
1 4 2 0 54 0.81103
1 4 2 0 55 0.866699
1 4 2 0 56 0.831671
1 4 2 0 57 0.786372
1 4 2 0 58 0.791552
1 4 3 0 0 0.834122
1 4 3 0 1 0.919269
1 4 3 0 2 0.928063
1 4 3 0 3 0.91953
1 4 3 0 4 0.922862
1 4 3 0 5 0.898228
1 4 3 0 6 0.905641
1 4 3 0 7 0.868424
1 4 3 0 8 0.895403
1 4 3 0 9 0.888928
1 4 3 0 10 0.911692
1 4 3 0 11 0.911803
1 4 3 0 12 0.892986
1 4 3 0 13 0.900388
1 4 3 0 14 0.907924
1 4 3 0 15 0.917683
1 4 3 0 16 0.916664
1 4 3 0 17 0.910909
1 4 3 0 18 0.908326
1 4 3 0 19 0.902851
1 4 3 0 20 0.927932
1 4 3 0 21 0.936512
1 4 3 0 22 0.920637
1 4 3 0 23 0.922578
1 4 3 0 24 0.904888
1 4 3 0 25 0.885047
1 4 3 0 26 0.861786
1 4 3 0 27 0.829995
1 4 3 0 28 0.838903
1 4 3 0 29 0.837332
1 4 3 0 30 0.82266
1 4 3 0 31 0.831177
1 4 3 0 32 0.806686
1 4 3 0 33 0.85245
1 4 3 0 34 0.838225
1 4 3 0 35 0.883917
1 4 3 0 36 0.900041
1 4 3 0 37 0.910307
1 4 3 0 38 0.917846
1 4 3 0 39 0.910698
1 4 3 0 40 0.905333
1 4 3 0 41 0.892987
1 4 3 0 42 0.879743
1 4 3 0 43 0.877602
1 4 3 0 44 0.860636
1 4 3 0 45 0.840407
1 4 3 0 46 0.873669
1 4 3 0 47 0.876706
1 4 3 0 48 0.879845
1 4 3 0 49 0.877627
1 4 3 0 50 0.871212
1 4 3 0 51 0.870045
1 4 3 0 52 0.851236
1 4 3 0 53 0.859307
1 4 3 0 54 0.86648
1 4 3 0 55 0.84749
1 4 3 0 56 0.792738
1 4 3 0 57 0.882954
1 4 3 0 58 0.882954
1 4 4 0 0 0.933503
1 4 4 0 1 0.929302
1 4 4 0 2 0.906266
1 4 4 0 3 0.920385
1 4 4 0 4 0.911433
1 4 4 0 5 0.940573
1 4 4 0 6 0.906205
1 4 4 0 7 0.935952
1 4 4 0 8 0.928694
1 4 4 0 9 0.936673
1 4 4 0 10 0.931835
1 4 4 0 11 0.946202
1 4 4 0 12 0.909217
1 4 4 0 13 0.925635
1 4 4 0 14 0.93427
1 4 4 0 15 0.934901
1 4 4 0 16 0.93548
1 4 4 0 17 0.940464
1 4 4 0 18 0.931503
1 4 4 0 19 0.904619
1 4 4 0 20 0.933276
1 4 4 0 21 0.946808
1 4 4 0 22 0.957532
1 4 4 0 23 0.946298
1 4 4 0 24 0.940572
1 4 4 0 25 0.931308
1 4 4 0 26 0.911624
1 4 4 0 27 0.885254
1 4 4 0 28 0.922725
1 4 4 0 29 0.926804
1 4 4 0 30 0.922559
1 4 4 0 31 0.93651
1 4 4 0 32 0.944381
1 4 4 0 33 0.918498
1 4 4 0 34 0.917467
1 4 4 0 35 0.91624
1 4 4 0 36 0.912093
1 4 4 0 37 0.891595
1 4 4 0 38 0.885295
1 4 4 0 39 0.871037
1 4 4 0 40 0.855732
1 4 4 0 41 0.823169
1 4 4 0 42 0.713749
1 4 4 0 43 0.75192
1 4 4 0 44 0.919592
1 4 5 0 0 0.886376
1 4 5 0 1 0.905923
1 4 5 0 2 0.904295
1 4 5 0 3 0.911704
1 4 5 0 4 0.908217
1 4 5 0 5 0.914402
1 4 5 0 6 0.920782
1 4 5 0 7 0.9141
1 4 5 0 8 0.916736
1 4 5 0 9 0.9097
1 4 5 0 10 0.912834
1 4 5 0 11 0.908477
1 4 5 0 12 0.910669
1 4 5 0 13 0.934081
1 4 5 0 14 0.919338
1 4 5 0 15 0.916462
1 4 5 0 16 0.922464
1 4 5 0 17 0.916913
1 4 5 0 18 0.933737
1 4 5 0 19 0.905761
1 4 5 0 20 0.905908
1 4 5 0 21 0.898
1 4 5 0 22 0.90909
1 4 5 0 23 0.906416
1 4 5 0 24 0.903527
1 4 5 0 25 0.917553
1 4 5 0 26 0.903205
1 4 5 0 27 0.907088
1 4 5 0 28 0.904746
1 4 5 0 29 0.897717
1 4 5 0 30 0.897007
1 4 5 0 31 0.887348
1 4 5 0 32 0.887278
1 4 5 0 33 0.913028
1 4 5 0 34 0.908348
1 4 5 0 35 0.889092
1 4 5 0 36 0.889043
1 4 5 0 37 0.892163
1 4 5 0 38 0.881444
1 4 5 0 39 0.860584
1 4 5 0 40 0.861008
1 4 5 0 41 0.861577
1 4 5 0 42 0.837421
1 4 5 0 43 0.868686
1 4 5 0 44 0.895075
1 4 5 0 45 0.84429
1 4 5 0 46 0.712252
1 4 5 0 47 0.656323
1 4 5 0 48 0.845715
1 4 5 0 49 0.903758
1 4 5 0 50 0.922637
1 4 5 0 51 0.933853
1 4 5 0 52 0.925763
1 4 5 0 53 0.927349
1 4 5 0 54 0.938675
1 4 5 0 55 0.922182
1 4 5 0 56 0.885787
1 4 5 0 57 0.885971
1 4 5 0 58 0.885971
1 4 0 1 0 0.892699
1 4 0 1 1 0.892699
1 4 0 1 2 0.773921
1 4 0 1 3 0.901399
1 4 0 1 4 0.910476
1 4 0 1 5 0.902669
1 4 0 1 6 0.903708
1 4 0 1 7 0.867845
1 4 0 1 8 0.866537
1 4 0 1 9 0.882512
1 4 0 1 10 0.887896
1 4 0 1 11 0.885076
1 4 0 1 12 0.87092
1 4 0 1 13 0.889664
1 4 0 1 14 0.903719
1 4 0 1 15 0.896304
1 4 0 1 16 0.901198
1 4 0 1 17 0.895229
1 4 0 1 18 0.906786
1 4 0 1 19 0.91299
1 4 0 1 20 0.921043
1 4 0 1 21 0.924983
1 4 0 1 22 0.920543
1 4 0 1 23 0.91419
1 4 0 1 24 0.901631
1 4 0 1 25 0.905598
1 4 0 1 26 0.911539
1 4 0 1 27 0.886396
1 4 0 1 28 0.90907
1 4 0 1 29 0.915555
1 4 0 1 30 0.90541
1 4 0 1 31 0.902042
1 4 0 1 32 0.913812
1 4 0 1 33 0.908502
1 4 0 1 34 0.903811
1 4 0 1 35 0.915063
1 4 0 1 36 0.922916
1 4 0 1 37 0.921228
1 4 0 1 38 0.922199
1 4 0 1 39 0.916174
1 4 0 1 40 0.898753
1 4 0 1 41 0.915275
1 4 0 1 42 0.948529
1 4 0 1 43 0.946494
1 4 0 1 44 0.950945
1 4 0 1 45 0.949499
1 4 0 1 46 0.949356
1 4 0 1 47 0.941825
1 4 0 1 48 0.944509
1 4 0 1 49 0.932946
1 4 0 1 50 0.95991
1 4 0 1 51 0.945727
1 4 0 1 52 0.954569
1 4 0 1 53 0.9212
1 4 0 1 54 0.949011
1 4 0 1 55 0.952436
1 4 0 1 56 0.955183
1 4 0 1 57 0.954628
1 4 0 1 58 0.954628
1 4 0 1 59 0.954628
1 4 0 1 60 0.954628
1 4 0 1 61 0.954628
1 4 0 1 62 0.954628
1 4 0 1 63 0.954628
1 4 1 1 0 0.879941
1 4 1 1 1 0.932593
1 4 1 1 2 0.952048
1 4 1 1 3 0.944285
1 4 1 1 4 0.936609
1 4 1 1 5 0.834744
1 4 1 1 6 0.566348
1 4 1 1 7 0.86361
1 4 1 1 8 0.948117
1 4 1 1 9 0.940838
1 4 1 1 10 0.941586
1 4 1 1 11 0.942709
1 4 1 1 12 0.930797
1 4 1 1 13 0.945738
1 4 1 1 14 0.944644
1 4 1 1 15 0.946643
1 4 1 1 16 0.92739
1 4 1 1 17 0.865528
1 4 1 1 18 0.929074
1 4 1 1 19 0.943379
1 4 1 1 20 0.946164
1 4 1 1 21 0.937213
1 4 1 1 22 0.945863
1 4 1 1 23 0.94352
1 4 1 1 24 0.924202
1 4 1 1 25 0.78954
1 4 2 1 0 0.849136
1 4 2 1 1 0.849136
1 4 2 1 2 0.849136
1 4 2 1 3 0.849136
1 4 2 1 4 0.849136
1 4 2 1 5 0.849136
1 4 2 1 6 0.849136
1 4 2 1 7 0.893777
1 4 2 1 8 0.888889
1 4 2 1 9 0.848479
1 4 2 1 10 0.842589
1 4 2 1 11 0.756135
1 4 2 1 12 0.822969
1 4 2 1 13 0.761572
1 4 2 1 14 0.81888
1 4 2 1 15 0.765601
1 4 2 1 16 0.808047
1 4 2 1 17 0.908108
1 4 2 1 18 0.831554
1 4 2 1 19 0.684272
1 4 2 1 20 0.885436
1 4 2 1 21 0.912609
1 4 2 1 22 0.950338
1 4 2 1 23 0.899688
1 4 2 1 24 0.892339
1 4 2 1 25 0.831207
1 4 2 1 26 0.832205
1 4 2 1 27 0.806377
1 4 2 1 28 0.780615
1 4 2 1 29 0.78409
1 4 2 1 30 0.772579
1 4 2 1 31 0.799017
1 4 2 1 32 0.778865
1 4 2 1 33 0.753665
1 4 2 1 34 0.749003
1 4 2 1 35 0.745925
1 4 2 1 36 0.629463
1 4 2 1 37 0.749841
1 4 2 1 38 0.792576
1 4 2 1 39 0.878556
1 4 2 1 40 0.900155
1 4 2 1 41 0.886638
1 4 2 1 42 0.898662
1 4 2 1 43 0.893028
1 4 2 1 44 0.870781
1 4 2 1 45 0.872098
1 4 2 1 46 0.877371
1 4 2 1 47 0.882224
1 4 2 1 48 0.901818
1 4 2 1 49 0.90531
1 4 2 1 50 0.908143
1 4 2 1 51 0.909059
1 4 2 1 52 0.890983
1 4 2 1 53 0.89023
1 4 2 1 54 0.885871
1 4 2 1 55 0.872095
1 4 2 1 56 0.748134
1 4 2 1 57 0.881564
1 4 2 1 58 0.895245
1 4 2 1 59 0.897783
1 4 2 1 60 0.891467
1 4 2 1 61 0.832889
1 4 2 1 62 0.880571
1 4 2 1 63 0.880571
1 4 3 1 0 0.769193
1 4 3 1 1 0.769193
1 4 3 1 2 0.769193
1 4 3 1 3 0.769193
1 4 3 1 4 0.769193
1 4 3 1 5 0.769193
1 4 3 1 6 0.84389
1 4 3 1 7 0.818255
1 4 3 1 8 0.829526
1 4 3 1 9 0.659325
1 4 3 1 10 0.214537
1 4 3 1 11 0.528821
1 4 3 1 12 0.722657
1 4 3 1 13 0.726869
1 4 3 1 14 0.682406
1 4 3 1 15 0.306978
1 4 3 1 16 0.630916
1 4 3 1 17 0.828621
1 4 3 1 18 0.87355
1 4 3 1 19 0.910321
1 4 3 1 20 0.916556
1 4 3 1 21 0.884999
1 4 3 1 22 0.87963
1 4 3 1 23 0.840307
1 4 3 1 24 0.867297
1 4 3 1 25 0.849957
1 4 3 1 26 0.83075
1 4 3 1 27 0.79656
1 4 3 1 28 0.749278
1 4 3 1 29 0.794307
1 4 3 1 30 0.817405
1 4 3 1 31 0.814359
1 4 3 1 32 0.812351
1 4 3 1 33 0.818344
1 4 3 1 34 0.766102
1 4 3 1 35 0.776034
1 4 3 1 36 0.787235
1 4 3 1 37 0.817842
1 4 3 1 38 0.847698
1 4 3 1 39 0.818499
1 4 3 1 40 0.81996
1 4 3 1 41 0.836393
1 4 3 1 42 0.859617
1 4 3 1 43 0.839723
1 4 3 1 44 0.845817
1 4 3 1 45 0.85067
1 4 3 1 46 0.874395
1 4 3 1 47 0.850051
1 4 3 1 48 0.795961
1 4 3 1 49 0.801781
1 4 3 1 50 0.818402
1 4 3 1 51 0.80716
1 4 3 1 52 0.805402
1 4 3 1 53 0.795774
1 4 3 1 54 0.759525
1 4 3 1 55 0.615338
1 4 3 1 56 0.645524
1 4 3 1 57 0.81721
1 4 3 1 58 0.849751
1 4 3 1 59 0.860477
1 4 3 1 60 0.827187
1 4 3 1 61 0.737699
1 4 3 1 62 0.807648
1 4 3 1 63 0.807648
1 4 4 1 0 0.937262
1 4 4 1 1 0.944398
1 4 4 1 2 0.941516
1 4 4 1 3 0.95967
1 4 4 1 4 0.953764
1 4 4 1 5 0.954246
1 4 4 1 6 0.961015
1 4 4 1 7 0.962136
1 4 4 1 8 0.964033
1 4 4 1 9 0.957978
1 4 4 1 10 0.952366
1 4 4 1 11 0.943475
1 4 4 1 12 0.943407
1 4 4 1 13 0.952581
1 4 4 1 14 0.949752
1 4 4 1 15 0.940118
1 4 4 1 16 0.935603
1 4 4 1 17 0.940808
1 4 4 1 18 0.935734
1 4 4 1 19 0.937373
1 4 4 1 20 0.938822
1 4 4 1 21 0.936213
1 4 4 1 22 0.930761
1 4 4 1 23 0.928635
1 4 4 1 24 0.933148
1 4 4 1 25 0.904682
1 4 5 1 0 0.907264
1 4 5 1 1 0.907264
1 4 5 1 2 0.810686
1 4 5 1 3 0.914217
1 4 5 1 4 0.917061
1 4 5 1 5 0.909376
1 4 5 1 6 0.918005
1 4 5 1 7 0.915574
1 4 5 1 8 0.911056
1 4 5 1 9 0.90872
1 4 5 1 10 0.900893
1 4 5 1 11 0.901274
1 4 5 1 12 0.891224
1 4 5 1 13 0.89941
1 4 5 1 14 0.905803
1 4 5 1 15 0.923422
1 4 5 1 16 0.923503
1 4 5 1 17 0.925831
1 4 5 1 18 0.916474
1 4 5 1 19 0.884503
1 4 5 1 20 0.891178
1 4 5 1 21 0.912617
1 4 5 1 22 0.911179
1 4 5 1 23 0.917775
1 4 5 1 24 0.896828
1 4 5 1 25 0.889353
1 4 5 1 26 0.889494
1 4 5 1 27 0.878422
1 4 5 1 28 0.83082
1 4 5 1 29 0.817342
1 4 5 1 30 0.817282
1 4 5 1 31 0.557116
1 4 5 1 32 0.193784
1 4 5 1 33 0.553301
1 4 5 1 34 0.773657
1 4 5 1 35 0.786881
1 4 5 1 36 0.722832
1 4 5 1 37 0.760212
1 4 5 1 38 0.817113
1 4 5 1 39 0.814306
1 4 5 1 40 0.829863
1 4 5 1 41 0.806295
1 4 5 1 42 0.79555
1 4 5 1 43 0.793907
1 4 5 1 44 0.812706
1 4 5 1 45 0.820918
1 4 5 1 46 0.797965
1 4 5 1 47 0.80181
1 4 5 1 48 0.800089
1 4 5 1 49 0.738503
1 4 5 1 50 0.784107
1 4 5 1 51 0.779014
1 4 5 1 52 0.753904
1 4 5 1 53 0.77287
1 4 5 1 54 0.840867
1 4 5 1 55 0.817486
1 4 5 1 56 0.836402
1 4 5 1 57 0.843892
1 4 5 1 58 0.83133
1 4 5 1 59 0.827735
1 4 5 1 60 0.827735
1 4 5 1 61 0.827735
1 4 5 1 62 0.827735
1 4 5 1 63 0.827735
