0 0 0 0 0 0.861783
0 0 0 0 1 0.861783
0 0 0 0 2 0.901668
0 0 0 0 3 0.907678
0 0 0 0 4 0.908226
0 0 0 0 5 0.919946
0 0 0 0 6 0.918559
0 0 0 0 7 0.906405
0 0 0 0 8 0.808157
0 0 0 0 9 0.747435
0 0 0 0 10 0.558383
0 0 0 0 11 0.800763
0 0 0 0 12 0.875675
0 0 0 0 13 0.865833
0 0 0 0 14 0.802043
0 0 0 0 15 0.858886
0 0 0 0 16 0.909806
0 0 0 0 17 0.90313
0 0 0 0 18 0.878996
0 0 0 0 19 0.870855
0 0 0 0 20 0.879455
0 0 0 0 21 0.88178
0 0 0 0 22 0.870911
0 0 0 0 23 0.869664
0 0 0 0 24 0.880631
0 0 0 0 25 0.866306
0 0 0 0 26 0.799739
0 0 0 0 27 0.526188
0 0 0 0 28 0.691304
0 0 0 0 29 0.588555
0 0 0 0 30 0.729698
0 0 0 0 31 0.81817
0 0 0 0 32 0.880154
0 0 0 0 33 0.917435
0 0 0 0 34 0.910867
0 0 0 0 35 0.907283
0 0 0 0 36 0.935996
0 0 0 0 37 0.92831
0 0 0 0 38 0.89504
0 0 0 0 39 0.905861
0 0 0 0 40 0.925712
0 0 0 0 41 0.904139
0 0 0 0 42 0.936192
0 0 0 0 43 0.942169
0 0 0 0 44 0.930115
0 0 0 0 45 0.93383
0 0 0 0 46 0.936772
0 0 0 0 47 0.916487
0 0 0 0 48 0.914229
0 0 0 0 49 0.925472
0 0 0 0 50 0.925472
0 0 0 0 51 0.925472
0 0 0 0 52 0.925472
0 0 0 0 53 0.925472
0 0 0 0 54 0.925472
0 0 0 0 55 0.925472
0 0 0 0 56 0.925472
0 0 0 0 57 0.925472
0 0 0 0 58 0.925472
0 0 1 0 0 0.90338
0 0 1 0 1 0.90338
0 0 1 0 2 0.90338
0 0 1 0 3 0.936141
0 0 1 0 4 0.965877
0 0 1 0 5 0.950658
0 0 1 0 6 0.956327
0 0 1 0 7 0.947192
0 0 1 0 8 0.959704
0 0 1 0 9 0.960297
0 0 1 0 10 0.961157
0 0 1 0 11 0.965675
0 0 1 0 12 0.964787
0 0 1 0 13 0.95637
0 0 1 0 14 0.954598
0 0 1 0 15 0.946537
0 0 1 0 16 0.936851
0 0 1 0 17 0.667572
0 0 1 0 18 0.655748
0 0 1 0 19 0.919887
0 0 1 0 20 0.732531
0 0 1 0 21 0.661789
0 0 1 0 22 0.92862
0 0 1 0 23 0.934327
0 0 1 0 24 0.960348
0 0 1 0 25 0.959543
0 0 1 0 26 0.758884
0 0 1 0 27 0.590224
0 0 1 0 28 0.895408
0 0 1 0 29 0.939692
0 0 1 0 30 0.948405
0 0 1 0 31 0.94701
0 0 1 0 32 0.944861
0 0 1 0 33 0.960758
0 0 1 0 34 0.954582
0 0 1 0 35 0.931313
0 0 1 0 36 0.900981
0 0 1 0 37 0.888478
0 0 1 0 38 0.888478
0 0 1 0 39 0.888478
0 0 1 0 40 0.888478
0 0 1 0 41 0.888478
0 0 1 0 42 0.888478
0 0 1 0 43 0.888478
0 0 1 0 44 0.888478
0 0 2 0 0 0.859778
0 0 2 0 1 0.859778
0 0 2 0 2 0.904736
0 0 2 0 3 0.915353
0 0 2 0 4 0.90433
0 0 2 0 5 0.915195
0 0 2 0 6 0.90573
0 0 2 0 7 0.905155
0 0 2 0 8 0.80081
0 0 2 0 9 0.459771
0 0 2 0 10 0.782535
0 0 2 0 11 0.908655
0 0 2 0 12 0.914695
0 0 2 0 13 0.915873
0 0 2 0 14 0.900506
0 0 2 0 15 0.914525
0 0 2 0 16 0.90874
0 0 2 0 17 0.882033
0 0 2 0 18 0.442376
0 0 2 0 19 0.571428
0 0 2 0 20 0.527437
0 0 2 0 21 0.54877
0 0 2 0 22 0.534458
0 0 2 0 23 0.587162
0 0 2 0 24 0.514646
0 0 2 0 25 0.558404
0 0 2 0 26 0.447594
0 0 2 0 27 0.614949
0 0 2 0 28 0.447413
0 0 2 0 29 0.552414
0 0 2 0 30 0.512424
0 0 2 0 31 0.599493
0 0 2 0 32 0.623575
0 0 2 0 33 0.634443
0 0 2 0 34 0.610165
0 0 2 0 35 0.401624
0 0 2 0 36 0.532874
0 0 2 0 37 0.6821
0 0 2 0 38 0.704034
0 0 2 0 39 0.863095
0 0 2 0 40 0.904416
0 0 2 0 41 0.909
0 0 2 0 42 0.907175
0 0 2 0 43 0.905057
0 0 2 0 44 0.908035
0 0 2 0 45 0.898046
0 0 2 0 46 0.879298
0 0 2 0 47 0.639514
0 0 2 0 48 0.895485
0 0 2 0 49 0.895485
0 0 2 0 50 0.895485
0 0 2 0 51 0.895485
0 0 2 0 52 0.895485
0 0 2 0 53 0.895485
0 0 2 0 54 0.895485
0 0 2 0 55 0.895485
0 0 2 0 56 0.895485
0 0 2 0 57 0.895485
0 0 2 0 58 0.895485
0 0 3 0 0 0.648435
0 0 3 0 1 0.830122
0 0 3 0 2 0.830122
0 0 3 0 3 0.830122
0 0 3 0 4 0.830122
0 0 3 0 5 0.830122
0 0 3 0 6 0.830122
0 0 3 0 7 0.830122
0 0 3 0 8 0.830122
0 0 3 0 9 0.884325
0 0 3 0 10 0.892393
0 0 3 0 11 0.912759
0 0 3 0 12 0.919665
0 0 3 0 13 0.84816
0 0 3 0 14 0.888632
0 0 3 0 15 0.485235
0 0 3 0 16 0.74042
0 0 3 0 17 0.888541
0 0 3 0 18 0.82956
0 0 3 0 19 0.847825
0 0 3 0 20 0.875342
0 0 3 0 21 0.878727
0 0 3 0 22 0.871646
0 0 3 0 23 0.860794
0 0 3 0 24 0.848411
0 0 3 0 25 0.859754
0 0 3 0 26 0.873817
0 0 3 0 27 0.870631
0 0 3 0 28 0.875106
0 0 3 0 29 0.859008
0 0 3 0 30 0.793958
0 0 3 0 31 0.646028
0 0 3 0 32 0.531953
0 0 3 0 33 0.8047
0 0 3 0 34 0.782326
0 0 3 0 35 0.783485
0 0 3 0 36 0.839439
0 0 3 0 37 0.842197
0 0 3 0 38 0.873535
0 0 3 0 39 0.888355
0 0 3 0 40 0.878189
0 0 3 0 41 0.868167
0 0 3 0 42 0.875015
0 0 3 0 43 0.901533
0 0 3 0 44 0.905089
0 0 3 0 45 0.903076
0 0 3 0 46 0.904994
0 0 3 0 47 0.91098
0 0 3 0 48 0.90252
0 0 3 0 49 0.893376
0 0 3 0 50 0.897422
0 0 3 0 51 0.906505
0 0 3 0 52 0.910667
0 0 3 0 53 0.897306
0 0 3 0 54 0.895928
0 0 3 0 55 0.83092
0 0 3 0 56 0.881939
0 0 3 0 57 0.889473
0 0 3 0 58 0.889473
0 0 4 0 0 0.939784
0 0 4 0 1 0.939784
0 0 4 0 2 0.939784
0 0 4 0 3 0.939784
0 0 4 0 4 0.939784
0 0 4 0 5 0.939784
0 0 4 0 6 0.939784
0 0 4 0 7 0.939784
0 0 4 0 8 0.939784
0 0 4 0 9 0.901704
0 0 4 0 10 0.930872
0 0 4 0 11 0.94685
0 0 4 0 12 0.959638
0 0 4 0 13 0.946469
0 0 4 0 14 0.937624
0 0 4 0 15 0.942553
0 0 4 0 16 0.942403
0 0 4 0 17 0.94436
0 0 4 0 18 0.94334
0 0 4 0 19 0.937421
0 0 4 0 20 0.935273
0 0 4 0 21 0.948039
0 0 4 0 22 0.932083
0 0 4 0 23 0.928988
0 0 4 0 24 0.937668
0 0 4 0 25 0.914056
0 0 4 0 26 0.844619
0 0 4 0 27 0.450211
0 0 4 0 28 0.792176
0 0 4 0 29 0.905459
0 0 4 0 30 0.916554
0 0 4 0 31 0.905744
0 0 4 0 32 0.885261
0 0 4 0 33 0.8976
0 0 4 0 34 0.898097
0 0 4 0 35 0.909541
0 0 4 0 36 0.854504
0 0 4 0 37 0.389127
0 0 4 0 38 0.846535
0 0 4 0 39 0.913397
0 0 4 0 40 0.941077
0 0 4 0 41 0.793159
0 0 4 0 42 0.843031
0 0 4 0 43 0.843031
0 0 4 0 44 0.843031
0 0 5 0 0 0.844245
0 0 5 0 1 0.844245
0 0 5 0 2 0.844245
0 0 5 0 3 0.844245
0 0 5 0 4 0.844245
0 0 5 0 5 0.844245
0 0 5 0 6 0.844245
0 0 5 0 7 0.844245
0 0 5 0 8 0.606884
0 0 5 0 9 0.506552
0 0 5 0 10 0.829952
0 0 5 0 11 0.855612
0 0 5 0 12 0.871921
0 0 5 0 13 0.868057
0 0 5 0 14 0.857424
0 0 5 0 15 0.841226
0 0 5 0 16 0.804508
0 0 5 0 17 0.832704
0 0 5 0 18 0.850275
0 0 5 0 19 0.856708
0 0 5 0 20 0.880152
0 0 5 0 21 0.903362
0 0 5 0 22 0.908981
0 0 5 0 23 0.891841
0 0 5 0 24 0.909712
0 0 5 0 25 0.911288
0 0 5 0 26 0.894972
0 0 5 0 27 0.907357
0 0 5 0 28 0.897467
0 0 5 0 29 0.888665
0 0 5 0 30 0.88778
0 0 5 0 31 0.873133
0 0 5 0 32 0.890583
0 0 5 0 33 0.901058
0 0 5 0 34 0.893817
0 0 5 0 35 0.897312
0 0 5 0 36 0.876834
0 0 5 0 37 0.879185
0 0 5 0 38 0.903501
0 0 5 0 39 0.914931
0 0 5 0 40 0.927049
0 0 5 0 41 0.851232
0 0 5 0 42 0.746828
0 0 5 0 43 0.901363
0 0 5 0 44 0.94421
0 0 5 0 45 0.943184
0 0 5 0 46 0.943384
0 0 5 0 47 0.951733
0 0 5 0 48 0.947693
0 0 5 0 49 0.940989
0 0 5 0 50 0.943116
0 0 5 0 51 0.942807
0 0 5 0 52 0.943881
0 0 5 0 53 0.942238
0 0 5 0 54 0.948837
0 0 5 0 55 0.947379
0 0 5 0 56 0.94083
0 0 5 0 57 0.920822
0 0 5 0 58 0.920822
0 0 0 1 0 0.907946
0 0 0 1 1 0.907946
0 0 0 1 2 0.930545
0 0 0 1 3 0.899375
0 0 0 1 4 0.920206
0 0 0 1 5 0.916652
0 0 0 1 6 0.909935
0 0 0 1 7 0.904726
0 0 0 1 8 0.908736
0 0 0 1 9 0.895888
0 0 0 1 10 0.909919
0 0 0 1 11 0.905311
0 0 0 1 12 0.923209
0 0 0 1 13 0.895326
0 0 0 1 14 0.893325
0 0 0 1 15 0.903346
0 0 0 1 16 0.90844
0 0 0 1 17 0.890783
0 0 0 1 18 0.895703
0 0 0 1 19 0.895428
0 0 0 1 20 0.903732
0 0 0 1 21 0.922683
0 0 0 1 22 0.927351
0 0 0 1 23 0.919611
0 0 0 1 24 0.855041
0 0 0 1 25 0.848865
0 0 0 1 26 0.892403
0 0 0 1 27 0.88493
0 0 0 1 28 0.905265
0 0 0 1 29 0.929222
0 0 0 1 30 0.888261
0 0 0 1 31 0.866126
0 0 0 1 32 0.875138
0 0 0 1 33 0.900526
0 0 0 1 34 0.919443
0 0 0 1 35 0.921309
0 0 0 1 36 0.920782
0 0 0 1 37 0.888027
0 0 0 1 38 0.911598
0 0 0 1 39 0.911765
0 0 0 1 40 0.93026
0 0 0 1 41 0.927101
0 0 0 1 42 0.921318
0 0 0 1 43 0.934673
0 0 0 1 44 0.946593
0 0 0 1 45 0.926775
0 0 0 1 46 0.926775
0 0 0 1 47 0.926775
0 0 0 1 48 0.926775
0 0 0 1 49 0.926775
0 0 0 1 50 0.926775
0 0 0 1 51 0.926775
0 0 0 1 52 0.926775
0 0 0 1 53 0.926775
0 0 0 1 54 0.926775
0 0 0 1 55 0.926775
0 0 0 1 56 0.926775
0 0 0 1 57 0.926775
0 0 0 1 58 0.926775
0 0 0 1 59 0.926775
0 0 0 1 60 0.926775
0 0 0 1 61 0.926775
0 0 0 1 62 0.926775
0 0 0 1 63 0.926775
0 0 1 1 0 0.606818
0 0 1 1 1 0.741825
0 0 1 1 2 0.905534
0 0 1 1 3 0.917449
0 0 1 1 4 0.933781
0 0 1 1 5 0.921898
0 0 1 1 6 0.931001
0 0 1 1 7 0.926512
0 0 1 1 8 0.926777
0 0 1 1 9 0.922038
0 0 1 1 10 0.810101
0 0 1 1 11 0.881909
0 0 1 1 12 0.936399
0 0 1 1 13 0.952097
0 0 1 1 14 0.969767
0 0 1 1 15 0.963171
0 0 1 1 16 0.964278
0 0 1 1 17 0.95658
0 0 1 1 18 0.955432
0 0 1 1 19 0.958559
0 0 1 1 20 0.956381
0 0 1 1 21 0.955251
0 0 1 1 22 0.95285
0 0 1 1 23 0.955601
0 0 1 1 24 0.949678
0 0 1 1 25 0.741618
0 0 2 1 0 0.829176
0 0 2 1 1 0.829176
0 0 2 1 2 0.829176
0 0 2 1 3 0.829176
0 0 2 1 4 0.829176
0 0 2 1 5 0.829176
0 0 2 1 6 0.829176
0 0 2 1 7 0.829176
0 0 2 1 8 0.829176
0 0 2 1 9 0.829176
0 0 2 1 10 0.829176
0 0 2 1 11 0.829176
0 0 2 1 12 0.829176
0 0 2 1 13 0.829176
0 0 2 1 14 0.829176
0 0 2 1 15 0.829176
0 0 2 1 16 0.829176
0 0 2 1 17 0.829176
0 0 2 1 18 0.829176
0 0 2 1 19 0.818098
0 0 2 1 20 0.813116
0 0 2 1 21 0.853447
0 0 2 1 22 0.882355
0 0 2 1 23 0.87412
0 0 2 1 24 0.837496
0 0 2 1 25 0.86533
0 0 2 1 26 0.860402
0 0 2 1 27 0.859814
0 0 2 1 28 0.838094
0 0 2 1 29 0.841903
0 0 2 1 30 0.835986
0 0 2 1 31 0.849024
0 0 2 1 32 0.822337
0 0 2 1 33 0.855171
0 0 2 1 34 0.855338
0 0 2 1 35 0.843907
0 0 2 1 36 0.842195
0 0 2 1 37 0.845368
0 0 2 1 38 0.853718
0 0 2 1 39 0.844679
0 0 2 1 40 0.831275
0 0 2 1 41 0.829841
0 0 2 1 42 0.811793
0 0 2 1 43 0.821451
0 0 2 1 44 0.810853
0 0 2 1 45 0.788787
0 0 2 1 46 0.79476
0 0 2 1 47 0.79342
0 0 2 1 48 0.79219
0 0 2 1 49 0.805429
0 0 2 1 50 0.815464
0 0 2 1 51 0.827149
0 0 2 1 52 0.837463
0 0 2 1 53 0.83689
0 0 2 1 54 0.831482
0 0 2 1 55 0.84027
0 0 2 1 56 0.845139
0 0 2 1 57 0.85147
0 0 2 1 58 0.867095
0 0 2 1 59 0.873482
0 0 2 1 60 0.872819
0 0 2 1 61 0.813858
0 0 2 1 62 0.847267
0 0 2 1 63 0.847267
0 0 3 1 0 0.91864
0 0 3 1 1 0.91864
0 0 3 1 2 0.91864
0 0 3 1 3 0.91864
0 0 3 1 4 0.91864
0 0 3 1 5 0.91864
0 0 3 1 6 0.91864
0 0 3 1 7 0.91864
0 0 3 1 8 0.91864
0 0 3 1 9 0.91864
0 0 3 1 10 0.91864
0 0 3 1 11 0.91864
0 0 3 1 12 0.91864
0 0 3 1 13 0.91864
0 0 3 1 14 0.91864
0 0 3 1 15 0.91864
0 0 3 1 16 0.91864
0 0 3 1 17 0.912691
0 0 3 1 18 0.90432
0 0 3 1 19 0.878427
0 0 3 1 20 0.897303
0 0 3 1 21 0.914808
0 0 3 1 22 0.894516
0 0 3 1 23 0.872705
0 0 3 1 24 0.890829
0 0 3 1 25 0.88623
0 0 3 1 26 0.881143
0 0 3 1 27 0.824413
0 0 3 1 28 0.823236
0 0 3 1 29 0.771536
0 0 3 1 30 0.758916
0 0 3 1 31 0.767746
0 0 3 1 32 0.758781
0 0 3 1 33 0.699003
0 0 3 1 34 0.673748
0 0 3 1 35 0.652145
0 0 3 1 36 0.623865
0 0 3 1 37 0.577165
0 0 3 1 38 0.636043
0 0 3 1 39 0.552084
0 0 3 1 40 0.284243
0 0 3 1 41 0.646829
0 0 3 1 42 0.722332
0 0 3 1 43 0.824423
0 0 3 1 44 0.792312
0 0 3 1 45 0.769164
0 0 3 1 46 0.790008
0 0 3 1 47 0.812116
0 0 3 1 48 0.825127
0 0 3 1 49 0.837263
0 0 3 1 50 0.83755
0 0 3 1 51 0.836114
0 0 3 1 52 0.833837
0 0 3 1 53 0.823638
0 0 3 1 54 0.850417
0 0 3 1 55 0.867958
0 0 3 1 56 0.785711
0 0 3 1 57 0.373915
0 0 3 1 58 0.840313
0 0 3 1 59 0.876925
0 0 3 1 60 0.877487
0 0 3 1 61 0.694487
0 0 3 1 62 0.802176
0 0 3 1 63 0.802176
0 0 4 1 0 0.828665
0 0 4 1 1 0.817695
0 0 4 1 2 0.896058
0 0 4 1 3 0.922072
0 0 4 1 4 0.935765
0 0 4 1 5 0.928185
0 0 4 1 6 0.921266
0 0 4 1 7 0.924789
0 0 4 1 8 0.926941
0 0 4 1 9 0.936829
0 0 4 1 10 0.944109
0 0 4 1 11 0.951975
0 0 4 1 12 0.945102
0 0 4 1 13 0.965635
0 0 4 1 14 0.968733
0 0 4 1 15 0.966502
0 0 4 1 16 0.962932
0 0 4 1 17 0.967826
0 0 4 1 18 0.963606
0 0 4 1 19 0.962313
0 0 4 1 20 0.957807
0 0 4 1 21 0.963915
0 0 4 1 22 0.959751
0 0 4 1 23 0.954175
0 0 4 1 24 0.859875
0 0 4 1 25 0.704843
0 0 5 1 0 0.826198
0 0 5 1 1 0.826198
0 0 5 1 2 0.933367
0 0 5 1 3 0.918565
0 0 5 1 4 0.927675
0 0 5 1 5 0.922082
0 0 5 1 6 0.903667
0 0 5 1 7 0.618311
0 0 5 1 8 0.645579
0 0 5 1 9 0.826297
0 0 5 1 10 0.850538
0 0 5 1 11 0.848377
0 0 5 1 12 0.833995
0 0 5 1 13 0.839608
0 0 5 1 14 0.844726
0 0 5 1 15 0.817991
0 0 5 1 16 0.77351
0 0 5 1 17 0.841929
0 0 5 1 18 0.857172
0 0 5 1 19 0.846018
0 0 5 1 20 0.885801
0 0 5 1 21 0.906159
0 0 5 1 22 0.894313
0 0 5 1 23 0.901554
0 0 5 1 24 0.90041
0 0 5 1 25 0.905479
0 0 5 1 26 0.916726
0 0 5 1 27 0.916468
0 0 5 1 28 0.91784
0 0 5 1 29 0.926595
0 0 5 1 30 0.920365
0 0 5 1 31 0.927022
0 0 5 1 32 0.9187
0 0 5 1 33 0.90422
0 0 5 1 34 0.924171
0 0 5 1 35 0.916142
0 0 5 1 36 0.907596
0 0 5 1 37 0.885178
0 0 5 1 38 0.892179
0 0 5 1 39 0.899853
0 0 5 1 40 0.869278
0 0 5 1 41 0.884934
0 0 5 1 42 0.875352
0 0 5 1 43 0.878736
0 0 5 1 44 0.900167
0 0 5 1 45 0.898434
0 0 5 1 46 0.898466
0 0 5 1 47 0.893215
0 0 5 1 48 0.893215
0 0 5 1 49 0.893215
0 0 5 1 50 0.893215
0 0 5 1 51 0.893215
0 0 5 1 52 0.893215
0 0 5 1 53 0.893215
0 0 5 1 54 0.893215
0 0 5 1 55 0.893215
0 0 5 1 56 0.893215
0 0 5 1 57 0.893215
0 0 5 1 58 0.893215
0 0 5 1 59 0.893215
0 0 5 1 60 0.893215
0 0 5 1 61 0.893215
0 0 5 1 62 0.893215
0 0 5 1 63 0.893215
0 1 0 0 0 0.470115
0 1 0 0 1 0.470115
0 1 0 0 2 0.63496
0 1 0 0 3 0.604468
0 1 0 0 4 0.680464
0 1 0 0 5 0.667631
0 1 0 0 6 0.610668
0 1 0 0 7 0.424649
0 1 0 0 8 0.136228
0 1 0 0 9 0.240888
0 1 0 0 10 0.193543
0 1 0 0 11 0.219681
0 1 0 0 12 0.26052
0 1 0 0 13 0.221496
0 1 0 0 14 0.297778
0 1 0 0 15 0.498849
0 1 0 0 16 0.685333
0 1 0 0 17 0.685056
0 1 0 0 18 0.816487
0 1 0 0 19 0.624494
0 1 0 0 20 0.372316
0 1 0 0 21 0.487404
0 1 0 0 22 0.628
0 1 0 0 23 0.716013
0 1 0 0 24 0.401828
0 1 0 0 25 0.0073133
0 1 0 0 26 0.00100404
0 1 0 0 27 0.000671537
0 1 0 0 28 0.000513244
0 1 0 0 29 0.000637639
0 1 0 0 30 0.000347039
0 1 0 0 31 0.000468894
0 1 0 0 32 0.000279612
0 1 0 0 33 0.000300039
0 1 0 0 34 0.000184008
0 1 0 0 35 0.000306685
0 1 0 0 36 0.000227158
0 1 0 0 37 0.00222504
0 1 0 0 38 0.785372
0 1 0 0 39 0.92257
0 1 0 0 40 0.935807
0 1 0 0 41 0.923853
0 1 0 0 42 0.953842
0 1 0 0 43 0.943833
0 1 0 0 44 0.936251
0 1 0 0 45 0.944508
0 1 0 0 46 0.923182
0 1 0 0 47 0.937385
0 1 0 0 48 0.951086
0 1 0 0 49 0.8921
0 1 0 0 50 0.902945
0 1 0 0 51 0.935907
0 1 0 0 52 0.935907
0 1 0 0 53 0.935907
0 1 0 0 54 0.935907
0 1 0 0 55 0.935907
0 1 0 0 56 0.935907
0 1 0 0 57 0.935907
0 1 0 0 58 0.935907
0 1 1 0 0 0.957776
0 1 1 0 1 0.957776
0 1 1 0 2 0.957776
0 1 1 0 3 0.957776
0 1 1 0 4 0.957776
0 1 1 0 5 0.96615
0 1 1 0 6 0.950818
0 1 1 0 7 0.953341
0 1 1 0 8 0.949985
0 1 1 0 9 0.950213
0 1 1 0 10 0.948187
0 1 1 0 11 0.949999
0 1 1 0 12 0.949562
0 1 1 0 13 0.95112
0 1 1 0 14 0.954639
0 1 1 0 15 0.958475
0 1 1 0 16 0.962573
0 1 1 0 17 0.97155
0 1 1 0 18 0.967254
0 1 1 0 19 0.972747
0 1 1 0 20 0.958137
0 1 1 0 21 0.945247
0 1 1 0 22 0.962733
0 1 1 0 23 0.973101
0 1 1 0 24 0.960356
0 1 1 0 25 0.961746
0 1 1 0 26 0.967617
0 1 1 0 27 0.965518
0 1 1 0 28 0.963621
0 1 1 0 29 0.977105
0 1 1 0 30 0.963048
0 1 1 0 31 0.969295
0 1 1 0 32 0.965114
0 1 1 0 33 0.960426
0 1 1 0 34 0.953227
0 1 1 0 35 0.965073
0 1 1 0 36 0.964189
0 1 1 0 37 0.966949
0 1 1 0 38 0.964411
0 1 1 0 39 0.964622
0 1 1 0 40 0.964622
0 1 1 0 41 0.964622
0 1 1 0 42 0.964622
0 1 1 0 43 0.964622
0 1 1 0 44 0.964622
0 1 2 0 0 0.939079
0 1 2 0 1 0.939079
0 1 2 0 2 0.954458
0 1 2 0 3 0.95386
0 1 2 0 4 0.950806
0 1 2 0 5 0.951466
0 1 2 0 6 0.959803
0 1 2 0 7 0.956305
0 1 2 0 8 0.948043
0 1 2 0 9 0.928353
0 1 2 0 10 0.927759
0 1 2 0 11 0.916826
0 1 2 0 12 0.901522
0 1 2 0 13 0.903163
0 1 2 0 14 0.935715
0 1 2 0 15 0.962121
0 1 2 0 16 0.950051
0 1 2 0 17 0.956727
0 1 2 0 18 0.952852
0 1 2 0 19 0.91023
0 1 2 0 20 0.886417
0 1 2 0 21 0.896109
0 1 2 0 22 0.908818
0 1 2 0 23 0.928605
0 1 2 0 24 0.936894
0 1 2 0 25 0.930517
0 1 2 0 26 0.941241
0 1 2 0 27 0.93831
0 1 2 0 28 0.813559
0 1 2 0 29 0.862163
0 1 2 0 30 0.942183
0 1 2 0 31 0.952121
0 1 2 0 32 0.935871
0 1 2 0 33 0.962908
0 1 2 0 34 0.968925
0 1 2 0 35 0.962269
0 1 2 0 36 0.957372
0 1 2 0 37 0.972027
0 1 2 0 38 0.967671
0 1 2 0 39 0.928605
0 1 2 0 40 0.881832
0 1 2 0 41 0.80739
0 1 2 0 42 0.814934
0 1 2 0 43 0.807154
0 1 2 0 44 0.791587
0 1 2 0 45 0.779696
0 1 2 0 46 0.749376
0 1 2 0 47 0.84433
0 1 2 0 48 0.822753
0 1 2 0 49 0.820833
0 1 2 0 50 0.895541
0 1 2 0 51 0.834556
0 1 2 0 52 0.834556
0 1 2 0 53 0.834556
0 1 2 0 54 0.834556
0 1 2 0 55 0.834556
0 1 2 0 56 0.834556
0 1 2 0 57 0.834556
0 1 2 0 58 0.834556
0 1 3 0 0 0.951356
0 1 3 0 1 0.951356
0 1 3 0 2 0.951356
0 1 3 0 3 0.951356
0 1 3 0 4 0.951356
0 1 3 0 5 0.951356
0 1 3 0 6 0.951356
0 1 3 0 7 0.943916
0 1 3 0 8 0.933779
0 1 3 0 9 0.929157
0 1 3 0 10 0.947979
0 1 3 0 11 0.943528
0 1 3 0 12 0.947096
0 1 3 0 13 0.970289
0 1 3 0 14 0.94318
0 1 3 0 15 0.950063
0 1 3 0 16 0.951574
0 1 3 0 17 0.939735
0 1 3 0 18 0.948235
0 1 3 0 19 0.949488
0 1 3 0 20 0.951331
0 1 3 0 21 0.948132
0 1 3 0 22 0.928056
0 1 3 0 23 0.936849
0 1 3 0 24 0.92971
0 1 3 0 25 0.938948
0 1 3 0 26 0.922825
0 1 3 0 27 0.88132
0 1 3 0 28 0.541643
0 1 3 0 29 0.855887
0 1 3 0 30 0.899712
0 1 3 0 31 0.898189
0 1 3 0 32 0.928952
0 1 3 0 33 0.929362
0 1 3 0 34 0.918899
0 1 3 0 35 0.915859
0 1 3 0 36 0.928707
0 1 3 0 37 0.917844
0 1 3 0 38 0.884942
0 1 3 0 39 0.832665
0 1 3 0 40 0.870613
0 1 3 0 41 0.931094
0 1 3 0 42 0.908689
0 1 3 0 43 0.93915
0 1 3 0 44 0.94419
0 1 3 0 45 0.92654
0 1 3 0 46 0.941534
0 1 3 0 47 0.954266
0 1 3 0 48 0.947411
0 1 3 0 49 0.955615
0 1 3 0 50 0.957372
0 1 3 0 51 0.95143
0 1 3 0 52 0.958917
0 1 3 0 53 0.95796
0 1 3 0 54 0.957204
0 1 3 0 55 0.955126
0 1 3 0 56 0.944072
0 1 3 0 57 0.938521
0 1 3 0 58 0.938521
0 1 4 0 0 0.483098
0 1 4 0 1 0.483098
0 1 4 0 2 0.483098
0 1 4 0 3 0.483098
0 1 4 0 4 0.483098
0 1 4 0 5 0.483098
0 1 4 0 6 0.483098
0 1 4 0 7 0.450046
0 1 4 0 8 0.309265
0 1 4 0 9 0.153518
0 1 4 0 10 0.572269
0 1 4 0 11 0.594046
0 1 4 0 12 0.546634
0 1 4 0 13 0.556928
0 1 4 0 14 0.513151
0 1 4 0 15 0.490292
0 1 4 0 16 0.451228
0 1 4 0 17 0.516777
0 1 4 0 18 0.422598
0 1 4 0 19 0.107322
0 1 4 0 20 0.658251
0 1 4 0 21 0.642542
0 1 4 0 22 0.556533
0 1 4 0 23 0.916757
0 1 4 0 24 0.920133
0 1 4 0 25 0.92428
0 1 4 0 26 0.895601
0 1 4 0 27 0.926497
0 1 4 0 28 0.926665
0 1 4 0 29 0.928743
0 1 4 0 30 0.925696
0 1 4 0 31 0.923406
0 1 4 0 32 0.928252
0 1 4 0 33 0.889893
0 1 4 0 34 0.933408
0 1 4 0 35 0.906263
0 1 4 0 36 0.929236
0 1 4 0 37 0.911684
0 1 4 0 38 0.909123
0 1 4 0 39 0.44409
0 1 4 0 40 0.912842
0 1 4 0 41 0.912842
0 1 4 0 42 0.912842
0 1 4 0 43 0.912842
0 1 4 0 44 0.912842
0 1 5 0 0 0.932682
0 1 5 0 1 0.932682
0 1 5 0 2 0.932682
0 1 5 0 3 0.932682
0 1 5 0 4 0.932682
0 1 5 0 5 0.932682
0 1 5 0 6 0.959704
0 1 5 0 7 0.93045
0 1 5 0 8 0.951701
0 1 5 0 9 0.938226
0 1 5 0 10 0.941603
0 1 5 0 11 0.904523
0 1 5 0 12 0.922776
0 1 5 0 13 0.92951
0 1 5 0 14 0.9052
0 1 5 0 15 0.903704
0 1 5 0 16 0.919641
0 1 5 0 17 0.921805
0 1 5 0 18 0.922686
0 1 5 0 19 0.939576
0 1 5 0 20 0.951201
0 1 5 0 21 0.947225
0 1 5 0 22 0.693202
0 1 5 0 23 0.786606
0 1 5 0 24 0.954837
0 1 5 0 25 0.949845
0 1 5 0 26 0.932981
0 1 5 0 27 0.921173
0 1 5 0 28 0.915027
0 1 5 0 29 0.917988
0 1 5 0 30 0.903648
0 1 5 0 31 0.919319
0 1 5 0 32 0.935616
0 1 5 0 33 0.9336
0 1 5 0 34 0.910384
0 1 5 0 35 0.916722
0 1 5 0 36 0.935148
0 1 5 0 37 0.810928
0 1 5 0 38 0.571723
0 1 5 0 39 0.359154
0 1 5 0 40 0.636818
0 1 5 0 41 0.940733
0 1 5 0 42 0.948438
0 1 5 0 43 0.958128
0 1 5 0 44 0.947051
0 1 5 0 45 0.936663
0 1 5 0 46 0.948461
0 1 5 0 47 0.956355
0 1 5 0 48 0.962474
0 1 5 0 49 0.959338
0 1 5 0 50 0.854587
0 1 5 0 51 0.88389
0 1 5 0 52 0.960427
0 1 5 0 53 0.963013
0 1 5 0 54 0.971683
0 1 5 0 55 0.954075
0 1 5 0 56 0.945508
0 1 5 0 57 0.926327
0 1 5 0 58 0.926327
0 1 0 1 0 0.820373
0 1 0 1 1 0.820373
0 1 0 1 2 0.964764
0 1 0 1 3 0.940175
0 1 0 1 4 0.930111
0 1 0 1 5 0.939635
0 1 0 1 6 0.937955
0 1 0 1 7 0.936914
0 1 0 1 8 0.939121
0 1 0 1 9 0.932584
0 1 0 1 10 0.924072
0 1 0 1 11 0.915084
0 1 0 1 12 0.664699
0 1 0 1 13 0.512775
0 1 0 1 14 0.594256
0 1 0 1 15 0.687988
0 1 0 1 16 0.474449
0 1 0 1 17 0.533525
0 1 0 1 18 0.651889
0 1 0 1 19 0.668044
0 1 0 1 20 0.489722
0 1 0 1 21 0.573428
0 1 0 1 22 0.874918
0 1 0 1 23 0.874105
0 1 0 1 24 0.883375
0 1 0 1 25 0.928375
0 1 0 1 26 0.936638
0 1 0 1 27 0.947644
0 1 0 1 28 0.954697
0 1 0 1 29 0.948692
0 1 0 1 30 0.880488
0 1 0 1 31 0.856624
0 1 0 1 32 0.949071
0 1 0 1 33 0.882634
0 1 0 1 34 0.87503
0 1 0 1 35 0.954615
0 1 0 1 36 0.784364
0 1 0 1 37 0.716018
0 1 0 1 38 0.951229
0 1 0 1 39 0.940566
0 1 0 1 40 0.95149
0 1 0 1 41 0.952678
0 1 0 1 42 0.961057
0 1 0 1 43 0.973664
0 1 0 1 44 0.972777
0 1 0 1 45 0.972244
0 1 0 1 46 0.964754
0 1 0 1 47 0.982657
0 1 0 1 48 0.969353
0 1 0 1 49 0.969353
0 1 0 1 50 0.969353
0 1 0 1 51 0.969353
0 1 0 1 52 0.969353
0 1 0 1 53 0.969353
0 1 0 1 54 0.969353
0 1 0 1 55 0.969353
0 1 0 1 56 0.969353
0 1 0 1 57 0.969353
0 1 0 1 58 0.969353
0 1 0 1 59 0.969353
0 1 0 1 60 0.969353
0 1 0 1 61 0.969353
0 1 0 1 62 0.969353
0 1 0 1 63 0.969353
0 1 1 1 0 0.62987
0 1 1 1 1 0.930017
0 1 1 1 2 0.919494
0 1 1 1 3 0.833731
0 1 1 1 4 0.909864
0 1 1 1 5 0.948933
0 1 1 1 6 0.954561
0 1 1 1 7 0.961645
0 1 1 1 8 0.963892
0 1 1 1 9 0.962199
0 1 1 1 10 0.966646
0 1 1 1 11 0.963341
0 1 1 1 12 0.966415
0 1 1 1 13 0.967641
0 1 1 1 14 0.96963
0 1 1 1 15 0.9635
0 1 1 1 16 0.968288
0 1 1 1 17 0.968026
0 1 1 1 18 0.965769
0 1 1 1 19 0.968981
0 1 1 1 20 0.968675
0 1 1 1 21 0.97281
0 1 1 1 22 0.970936
0 1 1 1 23 0.973389
0 1 1 1 24 0.965575
0 1 1 1 25 0.953029
0 1 2 1 0 0.955892
0 1 2 1 1 0.955892
0 1 2 1 2 0.955892
0 1 2 1 3 0.955892
0 1 2 1 4 0.955892
0 1 2 1 5 0.955892
0 1 2 1 6 0.955892
0 1 2 1 7 0.955892
0 1 2 1 8 0.955892
0 1 2 1 9 0.955892
0 1 2 1 10 0.955892
0 1 2 1 11 0.955892
0 1 2 1 12 0.955892
0 1 2 1 13 0.955892
0 1 2 1 14 0.955892
0 1 2 1 15 0.955892
0 1 2 1 16 0.967873
0 1 2 1 17 0.978402
0 1 2 1 18 0.975738
0 1 2 1 19 0.909731
0 1 2 1 20 0.958561
0 1 2 1 21 0.957743
0 1 2 1 22 0.947654
0 1 2 1 23 0.780238
0 1 2 1 24 0.748423
0 1 2 1 25 0.942967
0 1 2 1 26 0.96196
0 1 2 1 27 0.945428
0 1 2 1 28 0.956179
0 1 2 1 29 0.951667
0 1 2 1 30 0.940244
0 1 2 1 31 0.862182
0 1 2 1 32 0.863401
0 1 2 1 33 0.932583
0 1 2 1 34 0.929391
0 1 2 1 35 0.93337
0 1 2 1 36 0.936815
0 1 2 1 37 0.937611
0 1 2 1 38 0.935484
0 1 2 1 39 0.932088
0 1 2 1 40 0.929294
0 1 2 1 41 0.920462
0 1 2 1 42 0.918009
0 1 2 1 43 0.914362
0 1 2 1 44 0.887852
0 1 2 1 45 0.877208
0 1 2 1 46 0.880605
0 1 2 1 47 0.870847
0 1 2 1 48 0.857864
0 1 2 1 49 0.854017
0 1 2 1 50 0.861274
0 1 2 1 51 0.870909
0 1 2 1 52 0.886163
0 1 2 1 53 0.886834
0 1 2 1 54 0.883545
0 1 2 1 55 0.896478
0 1 2 1 56 0.918494
0 1 2 1 57 0.921216
0 1 2 1 58 0.925288
0 1 2 1 59 0.92944
0 1 2 1 60 0.924266
0 1 2 1 61 0.930075
0 1 2 1 62 0.906863
0 1 2 1 63 0.906863
0 1 3 1 0 0.937952
0 1 3 1 1 0.937952
0 1 3 1 2 0.937952
0 1 3 1 3 0.937952
0 1 3 1 4 0.937952
0 1 3 1 5 0.937952
0 1 3 1 6 0.937952
0 1 3 1 7 0.937952
0 1 3 1 8 0.937952
0 1 3 1 9 0.937952
0 1 3 1 10 0.937952
0 1 3 1 11 0.937952
0 1 3 1 12 0.937952
0 1 3 1 13 0.937952
0 1 3 1 14 0.925349
0 1 3 1 15 0.934024
0 1 3 1 16 0.921518
0 1 3 1 17 0.908277
0 1 3 1 18 0.902773
0 1 3 1 19 0.940427
0 1 3 1 20 0.94051
0 1 3 1 21 0.924809
0 1 3 1 22 0.874896
0 1 3 1 23 0.913682
0 1 3 1 24 0.911816
0 1 3 1 25 0.923191
0 1 3 1 26 0.932859
0 1 3 1 27 0.910693
0 1 3 1 28 0.809589
0 1 3 1 29 0.745369
0 1 3 1 30 0.76356
0 1 3 1 31 0.758291
0 1 3 1 32 0.78719
0 1 3 1 33 0.816908
0 1 3 1 34 0.855174
0 1 3 1 35 0.88712
0 1 3 1 36 0.875662
0 1 3 1 37 0.891439
0 1 3 1 38 0.90909
0 1 3 1 39 0.828243
0 1 3 1 40 0.800138
0 1 3 1 41 0.89977
0 1 3 1 42 0.918482
0 1 3 1 43 0.919553
0 1 3 1 44 0.895419
0 1 3 1 45 0.903057
0 1 3 1 46 0.889178
0 1 3 1 47 0.867411
0 1 3 1 48 0.853223
0 1 3 1 49 0.865316
0 1 3 1 50 0.830879
0 1 3 1 51 0.811733
0 1 3 1 52 0.844237
0 1 3 1 53 0.871618
0 1 3 1 54 0.868211
0 1 3 1 55 0.895127
0 1 3 1 56 0.928483
0 1 3 1 57 0.923575
0 1 3 1 58 0.929319
0 1 3 1 59 0.93604
0 1 3 1 60 0.928492
0 1 3 1 61 0.879098
0 1 3 1 62 0.888193
0 1 3 1 63 0.888193
0 1 4 1 0 0.727015
0 1 4 1 1 0.655835
0 1 4 1 2 0.838499
0 1 4 1 3 0.946921
0 1 4 1 4 0.955106
0 1 4 1 5 0.951879
0 1 4 1 6 0.942862
0 1 4 1 7 0.948702
0 1 4 1 8 0.951624
0 1 4 1 9 0.619423
0 1 4 1 10 0.914904
0 1 4 1 11 0.962188
0 1 4 1 12 0.966559
0 1 4 1 13 0.970782
0 1 4 1 14 0.967176
0 1 4 1 15 0.971629
0 1 4 1 16 0.982537
0 1 4 1 17 0.967889
0 1 4 1 18 0.96608
0 1 4 1 19 0.97097
0 1 4 1 20 0.970458
0 1 4 1 21 0.967244
0 1 4 1 22 0.962282
0 1 4 1 23 0.971183
0 1 4 1 24 0.968433
0 1 4 1 25 0.792059
0 1 5 1 0 0.916116
0 1 5 1 1 0.916116
0 1 5 1 2 0.939783
0 1 5 1 3 0.883743
0 1 5 1 4 0.913808
0 1 5 1 5 0.937557
0 1 5 1 6 0.952369
0 1 5 1 7 0.944726
0 1 5 1 8 0.934803
0 1 5 1 9 0.941112
0 1 5 1 10 0.901341
0 1 5 1 11 0.911928
0 1 5 1 12 0.925088
0 1 5 1 13 0.908402
0 1 5 1 14 0.906389
0 1 5 1 15 0.900565
0 1 5 1 16 0.902578
0 1 5 1 17 0.898873
0 1 5 1 18 0.89774
0 1 5 1 19 0.887445
0 1 5 1 20 0.910846
0 1 5 1 21 0.911642
0 1 5 1 22 0.921255
0 1 5 1 23 0.939885
0 1 5 1 24 0.941527
0 1 5 1 25 0.948648
0 1 5 1 26 0.940061
0 1 5 1 27 0.934511
0 1 5 1 28 0.948979
0 1 5 1 29 0.941892
0 1 5 1 30 0.9271
0 1 5 1 31 0.920774
0 1 5 1 32 0.928764
0 1 5 1 33 0.916092
0 1 5 1 34 0.922354
0 1 5 1 35 0.924689
0 1 5 1 36 0.928562
0 1 5 1 37 0.923185
0 1 5 1 38 0.936178
0 1 5 1 39 0.927514
0 1 5 1 40 0.940981
0 1 5 1 41 0.938534
0 1 5 1 42 0.928991
0 1 5 1 43 0.964322
0 1 5 1 44 0.976563
0 1 5 1 45 0.913206
0 1 5 1 46 0.708687
0 1 5 1 47 0.92557
0 1 5 1 48 0.972453
0 1 5 1 49 0.970495
0 1 5 1 50 0.937872
0 1 5 1 51 0.937872
0 1 5 1 52 0.937872
0 1 5 1 53 0.937872
0 1 5 1 54 0.937872
0 1 5 1 55 0.937872
0 1 5 1 56 0.937872
0 1 5 1 57 0.937872
0 1 5 1 58 0.937872
0 1 5 1 59 0.937872
0 1 5 1 60 0.937872
0 1 5 1 61 0.937872
0 1 5 1 62 0.937872
0 1 5 1 63 0.937872
0 2 0 0 0 0.874013
0 2 0 0 1 0.874013
0 2 0 0 2 0.951281
0 2 0 0 3 0.957765
0 2 0 0 4 0.863101
0 2 0 0 5 0.580505
0 2 0 0 6 0.832841
0 2 0 0 7 0.584066
0 2 0 0 8 0.926638
0 2 0 0 9 0.94736
0 2 0 0 10 0.935412
0 2 0 0 11 0.952232
0 2 0 0 12 0.940529
0 2 0 0 13 0.945295
0 2 0 0 14 0.948474
0 2 0 0 15 0.951336
0 2 0 0 16 0.948277
0 2 0 0 17 0.95434
0 2 0 0 18 0.94074
0 2 0 0 19 0.88688
0 2 0 0 20 0.859915
0 2 0 0 21 0.891638
0 2 0 0 22 0.914786
0 2 0 0 23 0.915255
0 2 0 0 24 0.902717
0 2 0 0 25 0.891638
0 2 0 0 26 0.796244
0 2 0 0 27 0.895299
0 2 0 0 28 0.895299
0 2 0 0 29 0.895299
0 2 0 0 30 0.895299
0 2 0 0 31 0.895299
0 2 0 0 32 0.895299
0 2 0 0 33 0.895299
0 2 0 0 34 0.895299
0 2 0 0 35 0.895299
0 2 0 0 36 0.895299
0 2 0 0 37 0.895299
0 2 0 0 38 0.895299
0 2 0 0 39 0.962215
0 2 0 0 40 0.932462
0 2 0 0 41 0.941052
0 2 0 0 42 0.942076
0 2 0 0 43 0.944801
0 2 0 0 44 0.728795
0 2 0 0 45 0.673433
0 2 0 0 46 0.93714
0 2 0 0 47 0.966927
0 2 0 0 48 0.963346
0 2 0 0 49 0.956414
0 2 0 0 50 0.960156
0 2 0 0 51 0.959484
0 2 0 0 52 0.951931
0 2 0 0 53 0.946129
0 2 0 0 54 0.912624
0 2 0 0 55 0.912624
0 2 0 0 56 0.912624
0 2 0 0 57 0.912624
0 2 0 0 58 0.912624
0 2 1 0 0 0.951132
0 2 1 0 1 0.951132
0 2 1 0 2 0.951132
0 2 1 0 3 0.951132
0 2 1 0 4 0.951132
0 2 1 0 5 0.100992
0 2 1 0 6 0.907142
0 2 1 0 7 0.926164
0 2 1 0 8 0.923425
0 2 1 0 9 0.953506
0 2 1 0 10 0.958096
0 2 1 0 11 0.949564
0 2 1 0 12 0.94356
0 2 1 0 13 0.941359
0 2 1 0 14 0.952324
0 2 1 0 15 0.950505
0 2 1 0 16 0.959289
0 2 1 0 17 0.955371
0 2 1 0 18 0.963752
0 2 1 0 19 0.956177
0 2 1 0 20 0.958664
0 2 1 0 21 0.968433
0 2 1 0 22 0.943127
0 2 1 0 23 0.934551
0 2 1 0 24 0.951856
0 2 1 0 25 0.972221
0 2 1 0 26 0.954136
0 2 1 0 27 0.945134
0 2 1 0 28 0.941623
0 2 1 0 29 0.957265
0 2 1 0 30 0.969395
0 2 1 0 31 0.969578
0 2 1 0 32 0.905823
0 2 1 0 33 0.843419
0 2 1 0 34 0.946743
0 2 1 0 35 0.968592
0 2 1 0 36 0.955402
0 2 1 0 37 0.951016
0 2 1 0 38 0.949023
0 2 1 0 39 0.941003
0 2 1 0 40 0.96383
0 2 1 0 41 0.947396
0 2 1 0 42 0.947396
0 2 1 0 43 0.947396
0 2 1 0 44 0.947396
0 2 2 0 0 0.928936
0 2 2 0 1 0.928936
0 2 2 0 2 0.955708
0 2 2 0 3 0.95448
0 2 2 0 4 0.959957
0 2 2 0 5 0.961312
0 2 2 0 6 0.967591
0 2 2 0 7 0.96412
0 2 2 0 8 0.964267
0 2 2 0 9 0.959663
0 2 2 0 10 0.963841
0 2 2 0 11 0.964669
0 2 2 0 12 0.945804
0 2 2 0 13 0.939429
0 2 2 0 14 0.867134
0 2 2 0 15 0.540611
0 2 2 0 16 0.866288
0 2 2 0 17 0.932054
0 2 2 0 18 0.927316
0 2 2 0 19 0.801658
0 2 2 0 20 0.81734
0 2 2 0 21 0.874586
0 2 2 0 22 0.919558
0 2 2 0 23 0.925497
0 2 2 0 24 0.913089
0 2 2 0 25 0.938276
0 2 2 0 26 0.942642
0 2 2 0 27 0.931021
0 2 2 0 28 0.938971
0 2 2 0 29 0.940975
0 2 2 0 30 0.952723
0 2 2 0 31 0.955888
0 2 2 0 32 0.955469
0 2 2 0 33 0.892102
0 2 2 0 34 0.823146
0 2 2 0 35 0.900454
0 2 2 0 36 0.960731
0 2 2 0 37 0.960709
0 2 2 0 38 0.973769
0 2 2 0 39 0.971147
0 2 2 0 40 0.963201
0 2 2 0 41 0.96803
0 2 2 0 42 0.967293
0 2 2 0 43 0.964326
0 2 2 0 44 0.96778
0 2 2 0 45 0.970831
0 2 2 0 46 0.964908
0 2 2 0 47 0.969982
0 2 2 0 48 0.961437
0 2 2 0 49 0.972485
0 2 2 0 50 0.963917
0 2 2 0 51 0.980891
0 2 2 0 52 0.970965
0 2 2 0 53 0.969159
0 2 2 0 54 0.969159
0 2 2 0 55 0.969159
0 2 2 0 56 0.969159
0 2 2 0 57 0.969159
0 2 2 0 58 0.969159
0 2 3 0 0 0.111308
0 2 3 0 1 0.929048
0 2 3 0 2 0.929048
0 2 3 0 3 0.929048
0 2 3 0 4 0.970502
0 2 3 0 5 0.969398
0 2 3 0 6 0.960726
0 2 3 0 7 0.953453
0 2 3 0 8 0.961315
0 2 3 0 9 0.959361
0 2 3 0 10 0.943876
0 2 3 0 11 0.93038
0 2 3 0 12 0.766224
0 2 3 0 13 0.894115
0 2 3 0 14 0.944046
0 2 3 0 15 0.941073
0 2 3 0 16 0.927142
0 2 3 0 17 0.933278
0 2 3 0 18 0.932416
0 2 3 0 19 0.925668
0 2 3 0 20 0.937823
0 2 3 0 21 0.930531
0 2 3 0 22 0.914684
0 2 3 0 23 0.83291
0 2 3 0 24 0.795762
0 2 3 0 25 0.739329
0 2 3 0 26 0.725398
0 2 3 0 27 0.88047
0 2 3 0 28 0.906256
0 2 3 0 29 0.90913
0 2 3 0 30 0.886371
0 2 3 0 31 0.902297
0 2 3 0 32 0.886416
0 2 3 0 33 0.898811
0 2 3 0 34 0.890229
0 2 3 0 35 0.891735
0 2 3 0 36 0.921547
0 2 3 0 37 0.923007
0 2 3 0 38 0.933138
0 2 3 0 39 0.923361
0 2 3 0 40 0.949958
0 2 3 0 41 0.949348
0 2 3 0 42 0.94688
0 2 3 0 43 0.942919
0 2 3 0 44 0.94769
0 2 3 0 45 0.95187
0 2 3 0 46 0.945256
0 2 3 0 47 0.950245
0 2 3 0 48 0.952568
0 2 3 0 49 0.946187
0 2 3 0 50 0.953438
0 2 3 0 51 0.949522
0 2 3 0 52 0.9531
0 2 3 0 53 0.945964
0 2 3 0 54 0.946078
0 2 3 0 55 0.947767
0 2 3 0 56 0.93381
0 2 3 0 57 0.94957
0 2 3 0 58 0.94957
0 2 4 0 0 0.953763
0 2 4 0 1 0.953763
0 2 4 0 2 0.953763
0 2 4 0 3 0.953763
0 2 4 0 4 0.953763
0 2 4 0 5 0.975695
0 2 4 0 6 0.945015
0 2 4 0 7 0.961044
0 2 4 0 8 0.949842
0 2 4 0 9 0.952674
0 2 4 0 10 0.948565
0 2 4 0 11 0.934705
0 2 4 0 12 0.94292
0 2 4 0 13 0.951694
0 2 4 0 14 0.948372
0 2 4 0 15 0.945423
0 2 4 0 16 0.937526
0 2 4 0 17 0.912402
0 2 4 0 18 0.943743
0 2 4 0 19 0.949865
0 2 4 0 20 0.942982
0 2 4 0 21 0.946904
0 2 4 0 22 0.94079
0 2 4 0 23 0.927084
0 2 4 0 24 0.943423
0 2 4 0 25 0.933408
0 2 4 0 26 0.934188
0 2 4 0 27 0.945269
0 2 4 0 28 0.93585
0 2 4 0 29 0.877922
0 2 4 0 30 0.65772
0 2 4 0 31 0.79599
0 2 4 0 32 0.167186
0 2 4 0 33 0.880943
0 2 4 0 34 0.94241
0 2 4 0 35 0.938285
0 2 4 0 36 0.94364
0 2 4 0 37 0.945325
0 2 4 0 38 0.950775
0 2 4 0 39 0.838727
0 2 4 0 40 0.838727
0 2 4 0 41 0.838727
0 2 4 0 42 0.838727
0 2 4 0 43 0.838727
0 2 4 0 44 0.838727
0 2 5 0 0 0.893059
0 2 5 0 1 0.970282
0 2 5 0 2 0.970282
0 2 5 0 3 0.970282
0 2 5 0 4 0.97229
0 2 5 0 5 0.95856
0 2 5 0 6 0.969907
0 2 5 0 7 0.975344
0 2 5 0 8 0.976067
0 2 5 0 9 0.968188
0 2 5 0 10 0.974152
0 2 5 0 11 0.97229
0 2 5 0 12 0.967326
0 2 5 0 13 0.967232
0 2 5 0 14 0.976329
0 2 5 0 15 0.973743
0 2 5 0 16 0.969377
0 2 5 0 17 0.96686
0 2 5 0 18 0.957091
0 2 5 0 19 0.966034
0 2 5 0 20 0.975559
0 2 5 0 21 0.963588
0 2 5 0 22 0.955996
0 2 5 0 23 0.965053
0 2 5 0 24 0.96972
0 2 5 0 25 0.971973
0 2 5 0 26 0.96828
0 2 5 0 27 0.966054
0 2 5 0 28 0.9703
0 2 5 0 29 0.968076
0 2 5 0 30 0.958407
0 2 5 0 31 0.966732
0 2 5 0 32 0.967663
0 2 5 0 33 0.965831
0 2 5 0 34 0.971459
0 2 5 0 35 0.973074
0 2 5 0 36 0.975656
0 2 5 0 37 0.972042
0 2 5 0 38 0.972268
0 2 5 0 39 0.974625
0 2 5 0 40 0.973442
0 2 5 0 41 0.960047
0 2 5 0 42 0.95229
0 2 5 0 43 0.979732
0 2 5 0 44 0.979303
0 2 5 0 45 0.972254
0 2 5 0 46 0.975098
0 2 5 0 47 0.976318
0 2 5 0 48 0.978733
0 2 5 0 49 0.979112
0 2 5 0 50 0.980172
0 2 5 0 51 0.978845
0 2 5 0 52 0.975741
0 2 5 0 53 0.977561
0 2 5 0 54 0.97891
0 2 5 0 55 0.936695
0 2 5 0 56 0.726834
0 2 5 0 57 0.962151
0 2 5 0 58 0.962151
0 2 0 1 0 0.932472
0 2 0 1 1 0.932472
0 2 0 1 2 0.876811
0 2 0 1 3 0.893886
0 2 0 1 4 0.936888
0 2 0 1 5 0.947968
0 2 0 1 6 0.943396
0 2 0 1 7 0.946941
0 2 0 1 8 0.945547
0 2 0 1 9 0.945767
0 2 0 1 10 0.948043
0 2 0 1 11 0.935945
0 2 0 1 12 0.9331
0 2 0 1 13 0.926419
0 2 0 1 14 0.933602
0 2 0 1 15 0.926663
0 2 0 1 16 0.910333
0 2 0 1 17 0.917961
0 2 0 1 18 0.927875
0 2 0 1 19 0.898324
0 2 0 1 20 0.921043
0 2 0 1 21 0.941627
0 2 0 1 22 0.947922
0 2 0 1 23 0.926925
0 2 0 1 24 0.938782
0 2 0 1 25 0.931134
0 2 0 1 26 0.928708
0 2 0 1 27 0.939591
0 2 0 1 28 0.944725
0 2 0 1 29 0.935459
0 2 0 1 30 0.932279
0 2 0 1 31 0.84069
0 2 0 1 32 0.834963
0 2 0 1 33 0.92037
0 2 0 1 34 0.726977
0 2 0 1 35 0.68038
0 2 0 1 36 0.932852
0 2 0 1 37 0.72302
0 2 0 1 38 0.703873
0 2 0 1 39 0.949097
0 2 0 1 40 0.951158
0 2 0 1 41 0.957535
0 2 0 1 42 0.862315
0 2 0 1 43 0.799639
0 2 0 1 44 0.759768
0 2 0 1 45 0.773859
0 2 0 1 46 0.801164
0 2 0 1 47 0.830276
0 2 0 1 48 0.836859
0 2 0 1 49 0.836581
0 2 0 1 50 0.818623
0 2 0 1 51 0.784507
0 2 0 1 52 0.817759
0 2 0 1 53 0.817759
0 2 0 1 54 0.817759
0 2 0 1 55 0.817759
0 2 0 1 56 0.817759
0 2 0 1 57 0.817759
0 2 0 1 58 0.817759
0 2 0 1 59 0.817759
0 2 0 1 60 0.817759
0 2 0 1 61 0.817759
0 2 0 1 62 0.817759
0 2 0 1 63 0.817759
0 2 1 1 0 0.869573
0 2 1 1 1 0.556153
0 2 1 1 2 0.890598
0 2 1 1 3 0.946119
0 2 1 1 4 0.941403
0 2 1 1 5 0.844386
0 2 1 1 6 0.954373
0 2 1 1 7 0.966328
0 2 1 1 8 0.965225
0 2 1 1 9 0.972692
0 2 1 1 10 0.972702
0 2 1 1 11 0.951886
0 2 1 1 12 0.970241
0 2 1 1 13 0.96741
0 2 1 1 14 0.972694
0 2 1 1 15 0.971458
0 2 1 1 16 0.980447
0 2 1 1 17 0.977855
0 2 1 1 18 0.978018
0 2 1 1 19 0.975014
0 2 1 1 20 0.980431
0 2 1 1 21 0.98436
0 2 1 1 22 0.980707
0 2 1 1 23 0.981241
0 2 1 1 24 0.980725
0 2 1 1 25 0.974341
0 2 2 1 0 0.950766
0 2 2 1 1 0.950766
0 2 2 1 2 0.950766
0 2 2 1 3 0.950766
0 2 2 1 4 0.950766
0 2 2 1 5 0.950766
0 2 2 1 6 0.950766
0 2 2 1 7 0.950766
0 2 2 1 8 0.950766
0 2 2 1 9 0.950766
0 2 2 1 10 0.950766
0 2 2 1 11 0.950766
0 2 2 1 12 0.965701
0 2 2 1 13 0.96691
0 2 2 1 14 0.966955
0 2 2 1 15 0.9606
0 2 2 1 16 0.948024
0 2 2 1 17 0.951084
0 2 2 1 18 0.912457
0 2 2 1 19 0.902597
0 2 2 1 20 0.967487
0 2 2 1 21 0.952444
0 2 2 1 22 0.954289
0 2 2 1 23 0.930062
0 2 2 1 24 0.909147
0 2 2 1 25 0.954738
0 2 2 1 26 0.952938
0 2 2 1 27 0.959902
0 2 2 1 28 0.949919
0 2 2 1 29 0.951696
0 2 2 1 30 0.952304
0 2 2 1 31 0.956948
0 2 2 1 32 0.952513
0 2 2 1 33 0.959263
0 2 2 1 34 0.947914
0 2 2 1 35 0.950349
0 2 2 1 36 0.946697
0 2 2 1 37 0.940987
0 2 2 1 38 0.949876
0 2 2 1 39 0.940519
0 2 2 1 40 0.937502
0 2 2 1 41 0.94126
0 2 2 1 42 0.9206
0 2 2 1 43 0.938601
0 2 2 1 44 0.919968
0 2 2 1 45 0.924788
0 2 2 1 46 0.903694
0 2 2 1 47 0.898487
0 2 2 1 48 0.89518
0 2 2 1 49 0.904671
0 2 2 1 50 0.898218
0 2 2 1 51 0.926549
0 2 2 1 52 0.830816
0 2 2 1 53 0.766923
0 2 2 1 54 0.739467
0 2 2 1 55 0.758232
0 2 2 1 56 0.775938
0 2 2 1 57 0.86121
0 2 2 1 58 0.929621
0 2 2 1 59 0.956208
0 2 2 1 60 0.94946
0 2 2 1 61 0.93626
0 2 2 1 62 0.871705
0 2 2 1 63 0.871705
0 2 3 1 0 0.94303
0 2 3 1 1 0.94303
0 2 3 1 2 0.94303
0 2 3 1 3 0.94303
0 2 3 1 4 0.94303
0 2 3 1 5 0.94303
0 2 3 1 6 0.94303
0 2 3 1 7 0.94303
0 2 3 1 8 0.94303
0 2 3 1 9 0.94303
0 2 3 1 10 0.94303
0 2 3 1 11 0.961994
0 2 3 1 12 0.927963
0 2 3 1 13 0.704914
0 2 3 1 14 0.886771
0 2 3 1 15 0.956847
0 2 3 1 16 0.968895
0 2 3 1 17 0.967662
0 2 3 1 18 0.955452
0 2 3 1 19 0.961606
0 2 3 1 20 0.949878
0 2 3 1 21 0.94086
0 2 3 1 22 0.933995
0 2 3 1 23 0.924144
0 2 3 1 24 0.938517
0 2 3 1 25 0.939329
0 2 3 1 26 0.939976
0 2 3 1 27 0.933945
0 2 3 1 28 0.934914
0 2 3 1 29 0.925446
0 2 3 1 30 0.923697
0 2 3 1 31 0.926684
0 2 3 1 32 0.921049
0 2 3 1 33 0.935776
0 2 3 1 34 0.924877
0 2 3 1 35 0.917182
0 2 3 1 36 0.926132
0 2 3 1 37 0.908921
0 2 3 1 38 0.695438
0 2 3 1 39 0.675168
0 2 3 1 40 0.902508
0 2 3 1 41 0.920622
0 2 3 1 42 0.922601
0 2 3 1 43 0.919131
0 2 3 1 44 0.885629
0 2 3 1 45 0.87814
0 2 3 1 46 0.88484
0 2 3 1 47 0.895819
0 2 3 1 48 0.905786
0 2 3 1 49 0.910396
0 2 3 1 50 0.90218
0 2 3 1 51 0.905177
0 2 3 1 52 0.907728
0 2 3 1 53 0.895393
0 2 3 1 54 0.915307
0 2 3 1 55 0.918569
0 2 3 1 56 0.920601
0 2 3 1 57 0.935448
0 2 3 1 58 0.95917
0 2 3 1 59 0.952837
0 2 3 1 60 0.954315
0 2 3 1 61 0.935826
0 2 3 1 62 0.918786
0 2 3 1 63 0.918786
0 2 4 1 0 0.958632
0 2 4 1 1 0.924986
0 2 4 1 2 0.943146
0 2 4 1 3 0.973045
0 2 4 1 4 0.952601
0 2 4 1 5 0.962053
0 2 4 1 6 0.964471
0 2 4 1 7 0.962036
0 2 4 1 8 0.960576
0 2 4 1 9 0.963353
0 2 4 1 10 0.962011
0 2 4 1 11 0.966188
0 2 4 1 12 0.973625
0 2 4 1 13 0.974149
0 2 4 1 14 0.9761
0 2 4 1 15 0.969369
0 2 4 1 16 0.9788
0 2 4 1 17 0.973094
0 2 4 1 18 0.966438
0 2 4 1 19 0.977098
0 2 4 1 20 0.979794
0 2 4 1 21 0.97744
0 2 4 1 22 0.977343
0 2 4 1 23 0.976855
0 2 4 1 24 0.974252
0 2 4 1 25 0.972043
0 2 5 1 0 0.919608
0 2 5 1 1 0.919608
0 2 5 1 2 0.93518
0 2 5 1 3 0.919986
0 2 5 1 4 0.927673
0 2 5 1 5 0.923382
0 2 5 1 6 0.929281
0 2 5 1 7 0.933666
0 2 5 1 8 0.921503
0 2 5 1 9 0.916144
0 2 5 1 10 0.923625
0 2 5 1 11 0.923756
0 2 5 1 12 0.914587
0 2 5 1 13 0.920212
0 2 5 1 14 0.915015
0 2 5 1 15 0.918945
0 2 5 1 16 0.922403
0 2 5 1 17 0.918443
0 2 5 1 18 0.922807
0 2 5 1 19 0.913118
0 2 5 1 20 0.925349
0 2 5 1 21 0.934624
0 2 5 1 22 0.936166
0 2 5 1 23 0.937637
0 2 5 1 24 0.931446
0 2 5 1 25 0.931579
0 2 5 1 26 0.927834
0 2 5 1 27 0.936013
0 2 5 1 28 0.935971
0 2 5 1 29 0.939567
0 2 5 1 30 0.941058
0 2 5 1 31 0.945229
0 2 5 1 32 0.943322
0 2 5 1 33 0.937874
0 2 5 1 34 0.938241
0 2 5 1 35 0.938407
0 2 5 1 36 0.94192
0 2 5 1 37 0.944564
0 2 5 1 38 0.951485
0 2 5 1 39 0.952657
0 2 5 1 40 0.954808
0 2 5 1 41 0.958787
0 2 5 1 42 0.960122
0 2 5 1 43 0.954722
0 2 5 1 44 0.968582
0 2 5 1 45 0.973328
0 2 5 1 46 0.978689
0 2 5 1 47 0.973157
0 2 5 1 48 0.970935
0 2 5 1 49 0.973179
0 2 5 1 50 0.949418
0 2 5 1 51 0.978865
0 2 5 1 52 0.98124
0 2 5 1 53 0.968263
0 2 5 1 54 0.968263
0 2 5 1 55 0.968263
0 2 5 1 56 0.968263
0 2 5 1 57 0.968263
0 2 5 1 58 0.968263
0 2 5 1 59 0.968263
0 2 5 1 60 0.968263
0 2 5 1 61 0.968263
0 2 5 1 62 0.968263
0 2 5 1 63 0.968263
0 3 0 0 0 0.89965
0 3 0 0 1 0.89965
0 3 0 0 2 0.88586
0 3 0 0 3 0.903787
0 3 0 0 4 0.888127
0 3 0 0 5 0.902733
0 3 0 0 6 0.899419
0 3 0 0 7 0.909078
0 3 0 0 8 0.903637
0 3 0 0 9 0.906755
0 3 0 0 10 0.897125
0 3 0 0 11 0.911521
0 3 0 0 12 0.905505
0 3 0 0 13 0.893298
0 3 0 0 14 0.908322
0 3 0 0 15 0.91418
0 3 0 0 16 0.912289
0 3 0 0 17 0.861868
0 3 0 0 18 0.65536
0 3 0 0 19 0.807377
0 3 0 0 20 0.875694
0 3 0 0 21 0.877636
0 3 0 0 22 0.887546
0 3 0 0 23 0.879715
0 3 0 0 24 0.874561
0 3 0 0 25 0.893753
0 3 0 0 26 0.903118
0 3 0 0 27 0.898068
0 3 0 0 28 0.908881
0 3 0 0 29 0.9221
0 3 0 0 30 0.900897
0 3 0 0 31 0.895203
0 3 0 0 32 0.911397
0 3 0 0 33 0.918648
0 3 0 0 34 0.929488
0 3 0 0 35 0.928732
0 3 0 0 36 0.922101
0 3 0 0 37 0.912648
0 3 0 0 38 0.929911
0 3 0 0 39 0.891584
0 3 0 0 40 0.906727
0 3 0 0 41 0.908502
0 3 0 0 42 0.909692
0 3 0 0 43 0.900285
0 3 0 0 44 0.911148
0 3 0 0 45 0.91476
0 3 0 0 46 0.87758
0 3 0 0 47 0.88437
0 3 0 0 48 0.934611
0 3 0 0 49 0.889517
0 3 0 0 50 0.931748
0 3 0 0 51 0.908488
0 3 0 0 52 0.644621
0 3 0 0 53 0.80472
0 3 0 0 54 0.933387
0 3 0 0 55 0.930193
0 3 0 0 56 0.883681
0 3 0 0 57 0.900086
0 3 0 0 58 0.900086
0 3 1 0 0 0.886114
0 3 1 0 1 0.886114
0 3 1 0 2 0.886114
0 3 1 0 3 0.886114
0 3 1 0 4 0.886114
0 3 1 0 5 0.886114
0 3 1 0 6 0.886114
0 3 1 0 7 0.12053
0 3 1 0 8 0.65901
0 3 1 0 9 0.925904
0 3 1 0 10 0.949188
0 3 1 0 11 0.948491
0 3 1 0 12 0.959216
0 3 1 0 13 0.943301
0 3 1 0 14 0.944923
0 3 1 0 15 0.956392
0 3 1 0 16 0.946209
0 3 1 0 17 0.945094
0 3 1 0 18 0.937878
0 3 1 0 19 0.947103
0 3 1 0 20 0.812582
0 3 1 0 21 0.782943
0 3 1 0 22 0.621703
0 3 1 0 23 0.0259845
0 3 1 0 24 0.359928
0 3 1 0 25 0.889932
0 3 1 0 26 0.932594
0 3 1 0 27 0.932136
0 3 1 0 28 0.912578
0 3 1 0 29 0.923752
0 3 1 0 30 0.930996
0 3 1 0 31 0.762607
0 3 1 0 32 0.568035
0 3 1 0 33 0.89333
0 3 1 0 34 0.923425
0 3 1 0 35 0.929247
0 3 1 0 36 0.92867
0 3 1 0 37 0.92612
0 3 1 0 38 0.932299
0 3 1 0 39 0.898868
0 3 1 0 40 0.912957
0 3 1 0 41 0.936052
0 3 1 0 42 0.925008
0 3 1 0 43 0.878404
0 3 1 0 44 0.71937
0 3 2 0 0 0.953
0 3 2 0 1 0.953
0 3 2 0 2 0.950345
0 3 2 0 3 0.953799
0 3 2 0 4 0.957983
0 3 2 0 5 0.947631
0 3 2 0 6 0.954749
0 3 2 0 7 0.9435
0 3 2 0 8 0.93976
0 3 2 0 9 0.941168
0 3 2 0 10 0.945674
0 3 2 0 11 0.946342
0 3 2 0 12 0.948058
0 3 2 0 13 0.947694
0 3 2 0 14 0.953018
0 3 2 0 15 0.949451
0 3 2 0 16 0.953566
0 3 2 0 17 0.947306
0 3 2 0 18 0.936178
0 3 2 0 19 0.929396
0 3 2 0 20 0.942874
0 3 2 0 21 0.949199
0 3 2 0 22 0.939597
0 3 2 0 23 0.93446
0 3 2 0 24 0.917308
0 3 2 0 25 0.896517
0 3 2 0 26 0.90251
0 3 2 0 27 0.918359
0 3 2 0 28 0.891605
0 3 2 0 29 0.892093
0 3 2 0 30 0.878403
0 3 2 0 31 0.841731
0 3 2 0 32 0.800975
0 3 2 0 33 0.834746
0 3 2 0 34 0.848009
0 3 2 0 35 0.843995
0 3 2 0 36 0.87417
0 3 2 0 37 0.928635
0 3 2 0 38 0.932067
0 3 2 0 39 0.936313
0 3 2 0 40 0.923749
0 3 2 0 41 0.923305
0 3 2 0 42 0.951574
0 3 2 0 43 0.94398
0 3 2 0 44 0.935264
0 3 2 0 45 0.927534
0 3 2 0 46 0.936662
0 3 2 0 47 0.921836
0 3 2 0 48 0.921268
0 3 2 0 49 0.91202
0 3 2 0 50 0.930007
0 3 2 0 51 0.939437
0 3 2 0 52 0.92536
0 3 2 0 53 0.91383
0 3 2 0 54 0.8833
0 3 2 0 55 0.894997
0 3 2 0 56 0.896075
0 3 2 0 57 0.921193
0 3 2 0 58 0.921193
0 3 3 0 0 0.917077
0 3 3 0 1 0.948421
0 3 3 0 2 0.928467
0 3 3 0 3 0.942252
0 3 3 0 4 0.928378
0 3 3 0 5 0.93136
0 3 3 0 6 0.927393
0 3 3 0 7 0.916742
0 3 3 0 8 0.900859
0 3 3 0 9 0.925875
0 3 3 0 10 0.923804
0 3 3 0 11 0.916479
0 3 3 0 12 0.920851
0 3 3 0 13 0.925772
0 3 3 0 14 0.926958
0 3 3 0 15 0.918478
0 3 3 0 16 0.926491
0 3 3 0 17 0.911148
0 3 3 0 18 0.897167
0 3 3 0 19 0.907325
0 3 3 0 20 0.883298
0 3 3 0 21 0.857832
0 3 3 0 22 0.829141
0 3 3 0 23 0.847844
0 3 3 0 24 0.854606
0 3 3 0 25 0.833939
0 3 3 0 26 0.847476
0 3 3 0 27 0.85357
0 3 3 0 28 0.854807
0 3 3 0 29 0.865541
0 3 3 0 30 0.875668
0 3 3 0 31 0.714003
0 3 3 0 32 0.608719
0 3 3 0 33 0.790673
0 3 3 0 34 0.870882
0 3 3 0 35 0.890101
0 3 3 0 36 0.8971
0 3 3 0 37 0.918314
0 3 3 0 38 0.90674
0 3 3 0 39 0.902827
0 3 3 0 40 0.930291
0 3 3 0 41 0.937676
0 3 3 0 42 0.945892
0 3 3 0 43 0.941504
0 3 3 0 44 0.950501
0 3 3 0 45 0.958139
0 3 3 0 46 0.939481
0 3 3 0 47 0.950387
0 3 3 0 48 0.947497
0 3 3 0 49 0.950959
0 3 3 0 50 0.940867
0 3 3 0 51 0.947829
0 3 3 0 52 0.942344
0 3 3 0 53 0.942209
0 3 3 0 54 0.947636
0 3 3 0 55 0.943454
0 3 3 0 56 0.899852
0 3 3 0 57 0.937087
0 3 3 0 58 0.937087
0 3 4 0 0 0.937484
0 3 4 0 1 0.937484
0 3 4 0 2 0.847879
0 3 4 0 3 0.944917
0 3 4 0 4 0.939582
0 3 4 0 5 0.937861
0 3 4 0 6 0.941832
0 3 4 0 7 0.938199
0 3 4 0 8 0.946046
0 3 4 0 9 0.940907
0 3 4 0 10 0.940679
0 3 4 0 11 0.947191
0 3 4 0 12 0.949544
0 3 4 0 13 0.950755
0 3 4 0 14 0.948674
0 3 4 0 15 0.953004
0 3 4 0 16 0.94559
0 3 4 0 17 0.94197
0 3 4 0 18 0.930796
0 3 4 0 19 0.929122
0 3 4 0 20 0.931923
0 3 4 0 21 0.926659
0 3 4 0 22 0.923471
0 3 4 0 23 0.921189
0 3 4 0 24 0.917461
0 3 4 0 25 0.922249
0 3 4 0 26 0.915044
0 3 4 0 27 0.915942
0 3 4 0 28 0.915076
0 3 4 0 29 0.921405
0 3 4 0 30 0.943836
0 3 4 0 31 0.877856
0 3 4 0 32 0.7909
0 3 4 0 33 0.926712
0 3 4 0 34 0.850171
0 3 4 0 35 0.547215
0 3 4 0 36 0.794167
0 3 4 0 37 0.0966319
0 3 4 0 38 0.868052
0 3 4 0 39 0.868052
0 3 4 0 40 0.868052
0 3 4 0 41 0.868052
0 3 4 0 42 0.868052
0 3 4 0 43 0.868052
0 3 4 0 44 0.868052
0 3 5 0 0 0.957494
0 3 5 0 1 0.961844
0 3 5 0 2 0.941404
0 3 5 0 3 0.958183
0 3 5 0 4 0.950666
0 3 5 0 5 0.961408
0 3 5 0 6 0.958314
0 3 5 0 7 0.957521
0 3 5 0 8 0.961504
0 3 5 0 9 0.947174
0 3 5 0 10 0.95986
0 3 5 0 11 0.946936
0 3 5 0 12 0.935261
0 3 5 0 13 0.945829
0 3 5 0 14 0.935753
0 3 5 0 15 0.935908
0 3 5 0 16 0.923886
0 3 5 0 17 0.929846
0 3 5 0 18 0.928456
0 3 5 0 19 0.945479
0 3 5 0 20 0.948361
0 3 5 0 21 0.948675
0 3 5 0 22 0.956982
0 3 5 0 23 0.946702
0 3 5 0 24 0.944857
0 3 5 0 25 0.940048
0 3 5 0 26 0.935741
0 3 5 0 27 0.932843
0 3 5 0 28 0.918198
0 3 5 0 29 0.920194
0 3 5 0 30 0.9173
0 3 5 0 31 0.920482
0 3 5 0 32 0.917549
0 3 5 0 33 0.928107
0 3 5 0 34 0.920381
0 3 5 0 35 0.930048
0 3 5 0 36 0.925282
0 3 5 0 37 0.900416
0 3 5 0 38 0.908983
0 3 5 0 39 0.919641
0 3 5 0 40 0.943718
0 3 5 0 41 0.950347
0 3 5 0 42 0.952974
0 3 5 0 43 0.952741
0 3 5 0 44 0.949761
0 3 5 0 45 0.948175
0 3 5 0 46 0.938399
0 3 5 0 47 0.933049
0 3 5 0 48 0.930667
0 3 5 0 49 0.939444
0 3 5 0 50 0.935602
0 3 5 0 51 0.935493
0 3 5 0 52 0.951731
0 3 5 0 53 0.940211
0 3 5 0 54 0.959867
0 3 5 0 55 0.953758
0 3 5 0 56 0.938279
0 3 5 0 57 0.944253
0 3 5 0 58 0.944253
0 3 0 1 0 0.739511
0 3 0 1 1 0.739511
0 3 0 1 2 0.946464
0 3 0 1 3 0.851199
0 3 0 1 4 0.772327
0 3 0 1 5 0.717012
0 3 0 1 6 0.681599
0 3 0 1 7 0.644295
0 3 0 1 8 0.56085
0 3 0 1 9 0.523294
0 3 0 1 10 0.511389
0 3 0 1 11 0.559505
0 3 0 1 12 0.617715
0 3 0 1 13 0.678287
0 3 0 1 14 0.769824
0 3 0 1 15 0.824431
0 3 0 1 16 0.865849
0 3 0 1 17 0.891605
0 3 0 1 18 0.901291
0 3 0 1 19 0.894289
0 3 0 1 20 0.920356
0 3 0 1 21 0.926973
0 3 0 1 22 0.940141
0 3 0 1 23 0.940943
0 3 0 1 24 0.938473
0 3 0 1 25 0.938752
0 3 0 1 26 0.936675
0 3 0 1 27 0.947763
0 3 0 1 28 0.959638
0 3 0 1 29 0.959076
0 3 0 1 30 0.956983
0 3 0 1 31 0.947902
0 3 0 1 32 0.87367
0 3 0 1 33 0.910657
0 3 0 1 34 0.927155
0 3 0 1 35 0.938429
0 3 0 1 36 0.935757
0 3 0 1 37 0.951234
0 3 0 1 38 0.949791
0 3 0 1 39 0.933239
0 3 0 1 40 0.939555
0 3 0 1 41 0.959637
0 3 0 1 42 0.934486
0 3 0 1 43 0.902191
0 3 0 1 44 0.92257
0 3 0 1 45 0.902448
0 3 0 1 46 0.907524
0 3 0 1 47 0.899926
0 3 0 1 48 0.888074
0 3 0 1 49 0.91253
0 3 0 1 50 0.899893
0 3 0 1 51 0.904022
0 3 0 1 52 0.901471
0 3 0 1 53 0.910854
0 3 0 1 54 0.924518
0 3 0 1 55 0.906315
0 3 0 1 56 0.906315
0 3 0 1 57 0.906315
0 3 0 1 58 0.906315
0 3 0 1 59 0.906315
0 3 0 1 60 0.906315
0 3 0 1 61 0.906315
0 3 0 1 62 0.906315
0 3 0 1 63 0.906315
0 3 1 1 0 0.950258
0 3 1 1 1 0.926123
0 3 1 1 2 0.923
0 3 1 1 3 0.932854
0 3 1 1 4 0.9199
0 3 1 1 5 0.913813
0 3 1 1 6 0.927221
0 3 1 1 7 0.923015
0 3 1 1 8 0.937198
0 3 1 1 9 0.937304
0 3 1 1 10 0.949745
0 3 1 1 11 0.950475
0 3 1 1 12 0.871629
0 3 1 1 13 0.923935
0 3 1 1 14 0.949438
0 3 1 1 15 0.952967
0 3 1 1 16 0.954309
0 3 1 1 17 0.954257
0 3 1 1 18 0.961488
0 3 1 1 19 0.966981
0 3 1 1 20 0.964187
0 3 1 1 21 0.962873
0 3 1 1 22 0.964277
0 3 1 1 23 0.94807
0 3 1 1 24 0.954715
0 3 1 1 25 0.954996
0 3 2 1 0 0.89239
0 3 2 1 1 0.89239
0 3 2 1 2 0.89239
0 3 2 1 3 0.89239
0 3 2 1 4 0.89239
0 3 2 1 5 0.89239
0 3 2 1 6 0.89239
0 3 2 1 7 0.89239
0 3 2 1 8 0.819006
0 3 2 1 9 0.825496
0 3 2 1 10 0.82529
0 3 2 1 11 0.828538
0 3 2 1 12 0.807404
0 3 2 1 13 0.80042
0 3 2 1 14 0.791916
0 3 2 1 15 0.882579
0 3 2 1 16 0.860922
0 3 2 1 17 0.925973
0 3 2 1 18 0.936934
0 3 2 1 19 0.93603
0 3 2 1 20 0.932018
0 3 2 1 21 0.910397
0 3 2 1 22 0.899903
0 3 2 1 23 0.886169
0 3 2 1 24 0.881551
0 3 2 1 25 0.872608
0 3 2 1 26 0.890365
0 3 2 1 27 0.850837
0 3 2 1 28 0.864011
0 3 2 1 29 0.887039
0 3 2 1 30 0.886344
0 3 2 1 31 0.871438
0 3 2 1 32 0.890908
0 3 2 1 33 0.91366
0 3 2 1 34 0.911988
0 3 2 1 35 0.914355
0 3 2 1 36 0.908215
0 3 2 1 37 0.903015
0 3 2 1 38 0.838016
0 3 2 1 39 0.621572
0 3 2 1 40 0.855273
0 3 2 1 41 0.855547
0 3 2 1 42 0.909524
0 3 2 1 43 0.913972
0 3 2 1 44 0.891556
0 3 2 1 45 0.865448
0 3 2 1 46 0.862514
0 3 2 1 47 0.859431
0 3 2 1 48 0.841853
0 3 2 1 49 0.857331
0 3 2 1 50 0.877527
0 3 2 1 51 0.88409
0 3 2 1 52 0.885078
0 3 2 1 53 0.90253
0 3 2 1 54 0.862134
0 3 2 1 55 0.525005
0 3 2 1 56 0.848542
0 3 2 1 57 0.886251
0 3 2 1 58 0.919674
0 3 2 1 59 0.93788
0 3 2 1 60 0.931661
0 3 2 1 61 0.882654
0 3 2 1 62 0.865723
0 3 2 1 63 0.865723
0 3 3 1 0 0.93634
0 3 3 1 1 0.93634
0 3 3 1 2 0.93634
0 3 3 1 3 0.93634
0 3 3 1 4 0.93634
0 3 3 1 5 0.93634
0 3 3 1 6 0.912335
0 3 3 1 7 0.910079
0 3 3 1 8 0.906296
0 3 3 1 9 0.919005
0 3 3 1 10 0.886822
0 3 3 1 11 0.920327
0 3 3 1 12 0.911765
0 3 3 1 13 0.934472
0 3 3 1 14 0.921437
0 3 3 1 15 0.929017
0 3 3 1 16 0.942442
0 3 3 1 17 0.950976
0 3 3 1 18 0.943327
0 3 3 1 19 0.946237
0 3 3 1 20 0.939021
0 3 3 1 21 0.936498
0 3 3 1 22 0.912194
0 3 3 1 23 0.852649
0 3 3 1 24 0.629934
0 3 3 1 25 0.784647
0 3 3 1 26 0.794399
0 3 3 1 27 0.821324
0 3 3 1 28 0.825811
0 3 3 1 29 0.834931
0 3 3 1 30 0.877387
0 3 3 1 31 0.895065
0 3 3 1 32 0.924044
0 3 3 1 33 0.935267
0 3 3 1 34 0.926987
0 3 3 1 35 0.912516
0 3 3 1 36 0.910413
0 3 3 1 37 0.904275
0 3 3 1 38 0.89237
0 3 3 1 39 0.892194
0 3 3 1 40 0.885172
0 3 3 1 41 0.883275
0 3 3 1 42 0.854514
0 3 3 1 43 0.837184
0 3 3 1 44 0.828017
0 3 3 1 45 0.834812
0 3 3 1 46 0.829144
0 3 3 1 47 0.826194
0 3 3 1 48 0.837374
0 3 3 1 49 0.812059
0 3 3 1 50 0.778075
0 3 3 1 51 0.808671
0 3 3 1 52 0.790204
0 3 3 1 53 0.847403
0 3 3 1 54 0.865997
0 3 3 1 55 0.851688
0 3 3 1 56 0.866128
0 3 3 1 57 0.880265
0 3 3 1 58 0.900497
0 3 3 1 59 0.912627
0 3 3 1 60 0.888309
0 3 3 1 61 0.791494
0 3 3 1 62 0.855377
0 3 3 1 63 0.855377
0 3 4 1 0 0.914741
0 3 4 1 1 0.920036
0 3 4 1 2 0.539593
0 3 4 1 3 0.48819
0 3 4 1 4 0.94319
0 3 4 1 5 0.955581
0 3 4 1 6 0.95591
0 3 4 1 7 0.96354
0 3 4 1 8 0.956619
0 3 4 1 9 0.953612
0 3 4 1 10 0.946111
0 3 4 1 11 0.953199
0 3 4 1 12 0.956002
0 3 4 1 13 0.956357
0 3 4 1 14 0.967379
0 3 4 1 15 0.968286
0 3 4 1 16 0.967671
0 3 4 1 17 0.961362
0 3 4 1 18 0.952215
0 3 4 1 19 0.967591
0 3 4 1 20 0.974293
0 3 4 1 21 0.963034
0 3 4 1 22 0.967132
0 3 4 1 23 0.972648
0 3 4 1 24 0.965333
0 3 4 1 25 0.958604
0 3 5 1 0 0.896984
0 3 5 1 1 0.896984
0 3 5 1 2 0.922254
0 3 5 1 3 0.947003
0 3 5 1 4 0.946602
0 3 5 1 5 0.949126
0 3 5 1 6 0.945072
0 3 5 1 7 0.928121
0 3 5 1 8 0.696462
0 3 5 1 9 0.737148
0 3 5 1 10 0.935684
0 3 5 1 11 0.937493
0 3 5 1 12 0.937837
0 3 5 1 13 0.930629
0 3 5 1 14 0.928903
0 3 5 1 15 0.929902
0 3 5 1 16 0.924882
0 3 5 1 17 0.927063
0 3 5 1 18 0.921517
0 3 5 1 19 0.927062
0 3 5 1 20 0.925454
0 3 5 1 21 0.936197
0 3 5 1 22 0.935146
0 3 5 1 23 0.9278
0 3 5 1 24 0.927413
0 3 5 1 25 0.922362
0 3 5 1 26 0.923242
0 3 5 1 27 0.92689
0 3 5 1 28 0.933695
0 3 5 1 29 0.933455
0 3 5 1 30 0.931898
0 3 5 1 31 0.927645
0 3 5 1 32 0.924848
0 3 5 1 33 0.916923
0 3 5 1 34 0.930749
0 3 5 1 35 0.93005
0 3 5 1 36 0.926591
0 3 5 1 37 0.927171
0 3 5 1 38 0.93453
0 3 5 1 39 0.941888
0 3 5 1 40 0.94051
0 3 5 1 41 0.937306
0 3 5 1 42 0.924874
0 3 5 1 43 0.953443
0 3 5 1 44 0.949225
0 3 5 1 45 0.948064
0 3 5 1 46 0.959949
0 3 5 1 47 0.950539
0 3 5 1 48 0.954286
0 3 5 1 49 0.95102
0 3 5 1 50 0.975393
0 3 5 1 51 0.974409
0 3 5 1 52 0.978086
0 3 5 1 53 0.970659
0 3 5 1 54 0.955832
0 3 5 1 55 0.955251
0 3 5 1 56 0.953489
0 3 5 1 57 0.953992
0 3 5 1 58 0.953992
0 3 5 1 59 0.953992
0 3 5 1 60 0.953992
0 3 5 1 61 0.953992
0 3 5 1 62 0.953992
0 3 5 1 63 0.953992
0 4 0 0 0 0.91995
0 4 0 0 1 0.91995
0 4 0 0 2 0.852408
0 4 0 0 3 0.897138
0 4 0 0 4 0.921308
0 4 0 0 5 0.925184
0 4 0 0 6 0.911732
0 4 0 0 7 0.920279
0 4 0 0 8 0.910808
0 4 0 0 9 0.90716
0 4 0 0 10 0.911233
0 4 0 0 11 0.91576
0 4 0 0 12 0.908338
0 4 0 0 13 0.905854
0 4 0 0 14 0.907329
0 4 0 0 15 0.91028
0 4 0 0 16 0.922224
0 4 0 0 17 0.92836
0 4 0 0 18 0.908313
0 4 0 0 19 0.899571
0 4 0 0 20 0.870715
0 4 0 0 21 0.86614
0 4 0 0 22 0.852003
0 4 0 0 23 0.846963
0 4 0 0 24 0.855442
0 4 0 0 25 0.873345
0 4 0 0 26 0.867863
0 4 0 0 27 0.872361
0 4 0 0 28 0.877607
0 4 0 0 29 0.877047
0 4 0 0 30 0.879988
0 4 0 0 31 0.892212
0 4 0 0 32 0.886797
0 4 0 0 33 0.907568
0 4 0 0 34 0.911908
0 4 0 0 35 0.91749
0 4 0 0 36 0.908982
0 4 0 0 37 0.80736
0 4 0 0 38 0.888988
0 4 0 0 39 0.892107
0 4 0 0 40 0.902376
0 4 0 0 41 0.907263
0 4 0 0 42 0.901582
0 4 0 0 43 0.892374
0 4 0 0 44 0.889141
0 4 0 0 45 0.870961
0 4 0 0 46 0.883095
0 4 0 0 47 0.898122
0 4 0 0 48 0.884213
0 4 0 0 49 0.899779
0 4 0 0 50 0.828735
0 4 0 0 51 0.757279
0 4 0 0 52 0.802691
0 4 0 0 53 0.899402
0 4 0 0 54 0.918486
0 4 0 0 55 0.905793
0 4 0 0 56 0.902176
0 4 0 0 57 0.899487
0 4 0 0 58 0.894654
0 4 1 0 0 0.88952
0 4 1 0 1 0.88952
0 4 1 0 2 0.88952
0 4 1 0 3 0.88952
0 4 1 0 4 0.88952
0 4 1 0 5 0.88952
0 4 1 0 6 0.88952
0 4 1 0 7 0.88952
0 4 1 0 8 0.113008
0 4 1 0 9 0.656569
0 4 1 0 10 0.855293
0 4 1 0 11 0.901176
0 4 1 0 12 0.921213
0 4 1 0 13 0.938351
0 4 1 0 14 0.937463
0 4 1 0 15 0.930439
0 4 1 0 16 0.903343
0 4 1 0 17 0.870625
0 4 1 0 18 0.91151
0 4 1 0 19 0.932206
0 4 1 0 20 0.939921
0 4 1 0 21 0.951646
0 4 1 0 22 0.944305
0 4 1 0 23 0.949893
0 4 1 0 24 0.973472
0 4 1 0 25 0.965424
0 4 1 0 26 0.965566
0 4 1 0 27 0.9565
0 4 1 0 28 0.949018
0 4 1 0 29 0.955006
0 4 1 0 30 0.949499
0 4 1 0 31 0.937181
0 4 1 0 32 0.93317
0 4 1 0 33 0.932773
0 4 1 0 34 0.930473
0 4 1 0 35 0.939308
0 4 1 0 36 0.931441
0 4 1 0 37 0.902108
0 4 1 0 38 0.922811
0 4 1 0 39 0.921292
0 4 1 0 40 0.888123
0 4 1 0 41 0.882084
0 4 1 0 42 0.853816
0 4 1 0 43 0.843286
0 4 1 0 44 0.844999
0 4 2 0 0 0.868345
0 4 2 0 1 0.868345
0 4 2 0 2 0.866054
0 4 2 0 3 0.911573
0 4 2 0 4 0.926267
0 4 2 0 5 0.862589
0 4 2 0 6 0.688836
0 4 2 0 7 0.838455
0 4 2 0 8 0.920489
0 4 2 0 9 0.912473
0 4 2 0 10 0.900188
0 4 2 0 11 0.903733
0 4 2 0 12 0.893177
0 4 2 0 13 0.895884
0 4 2 0 14 0.852834
0 4 2 0 15 0.850028
0 4 2 0 16 0.855513
0 4 2 0 17 0.865521
0 4 2 0 18 0.836206
0 4 2 0 19 0.878148
0 4 2 0 20 0.8315
0 4 2 0 21 0.772168
0 4 2 0 22 0.775841
0 4 2 0 23 0.748972
0 4 2 0 24 0.735449
0 4 2 0 25 0.764734
0 4 2 0 26 0.756093
0 4 2 0 27 0.670503
0 4 2 0 28 0.360815
0 4 2 0 29 0.584598
0 4 2 0 30 0.670366
0 4 2 0 31 0.665353
0 4 2 0 32 0.393911
0 4 2 0 33 0.606514
0 4 2 0 34 0.591841
0 4 2 0 35 0.595655
0 4 2 0 36 0.579447
0 4 2 0 37 0.542684
0 4 2 0 38 0.218869
0 4 2 0 39 0.0502494
0 4 2 0 40 0.00846552
0 4 2 0 41 0.140669
0 4 2 0 42 0.355464
0 4 2 0 43 0.474965
0 4 2 0 44 0.197225
0 4 2 0 45 0.325292
0 4 2 0 46 0.445361
0 4 2 0 47 0.488685
0 4 2 0 48 0.567647
0 4 2 0 49 0.567867
0 4 2 0 50 0.583084
0 4 2 0 51 0.543639
0 4 2 0 52 0.510198
0 4 2 0 53 0.536435
0 4 2 0 54 0.56597
0 4 2 0 55 0.573696
0 4 2 0 56 0.597017
0 4 2 0 57 0.579449
0 4 2 0 58 0.52355
0 4 3 0 0 0.756614
0 4 3 0 1 0.919447
0 4 3 0 2 0.863528
0 4 3 0 3 0.898321
0 4 3 0 4 0.901497
0 4 3 0 5 0.879606
0 4 3 0 6 0.861816
0 4 3 0 7 0.883974
0 4 3 0 8 0.884194
0 4 3 0 9 0.891811
0 4 3 0 10 0.892138
0 4 3 0 11 0.916516
0 4 3 0 12 0.924887
0 4 3 0 13 0.929303
0 4 3 0 14 0.922059
0 4 3 0 15 0.919655
0 4 3 0 16 0.918576
0 4 3 0 17 0.919287
0 4 3 0 18 0.919291
0 4 3 0 19 0.917511
0 4 3 0 20 0.920166
0 4 3 0 21 0.913256
0 4 3 0 22 0.894525
0 4 3 0 23 0.893553
0 4 3 0 24 0.864297
0 4 3 0 25 0.871823
0 4 3 0 26 0.874244
0 4 3 0 27 0.873849
0 4 3 0 28 0.8671
0 4 3 0 29 0.863054
0 4 3 0 30 0.85656
0 4 3 0 31 0.862892
0 4 3 0 32 0.835373
0 4 3 0 33 0.617503
0 4 3 0 34 0.431073
0 4 3 0 35 0.550948
0 4 3 0 36 0.57231
0 4 3 0 37 0.858522
0 4 3 0 38 0.898364
0 4 3 0 39 0.89702
0 4 3 0 40 0.893059
0 4 3 0 41 0.89752
0 4 3 0 42 0.909103
0 4 3 0 43 0.912947
0 4 3 0 44 0.907445
0 4 3 0 45 0.897577
0 4 3 0 46 0.88241
0 4 3 0 47 0.891831
0 4 3 0 48 0.906113
0 4 3 0 49 0.898199
0 4 3 0 50 0.913422
0 4 3 0 51 0.922387
0 4 3 0 52 0.915278
0 4 3 0 53 0.911938
0 4 3 0 54 0.922344
0 4 3 0 55 0.903438
0 4 3 0 56 0.863568
0 4 3 0 57 0.904598
0 4 3 0 58 0.904598
0 4 4 0 0 0.924959
0 4 4 0 1 0.952484
0 4 4 0 2 0.934784
0 4 4 0 3 0.94133
0 4 4 0 4 0.916509
0 4 4 0 5 0.939773
0 4 4 0 6 0.94177
0 4 4 0 7 0.929134
0 4 4 0 8 0.930238
0 4 4 0 9 0.931902
0 4 4 0 10 0.917526
0 4 4 0 11 0.923988
0 4 4 0 12 0.922383
0 4 4 0 13 0.916777
0 4 4 0 14 0.914667
0 4 4 0 15 0.923765
0 4 4 0 16 0.914206
0 4 4 0 17 0.913513
0 4 4 0 18 0.926302
0 4 4 0 19 0.931556
0 4 4 0 20 0.933081
0 4 4 0 21 0.9186
0 4 4 0 22 0.917598
0 4 4 0 23 0.925301
0 4 4 0 24 0.926571
0 4 4 0 25 0.929965
0 4 4 0 26 0.937333
0 4 4 0 27 0.944588
0 4 4 0 28 0.911443
0 4 4 0 29 0.949647
0 4 4 0 30 0.927744
0 4 4 0 31 0.925951
0 4 4 0 32 0.931033
0 4 4 0 33 0.916387
0 4 4 0 34 0.913915
0 4 4 0 35 0.708897
0 4 4 0 36 0.0731019
0 4 4 0 37 0.914277
0 4 4 0 38 0.914277
0 4 4 0 39 0.914277
0 4 4 0 40 0.914277
0 4 4 0 41 0.914277
0 4 4 0 42 0.914277
0 4 4 0 43 0.914277
0 4 4 0 44 0.914277
0 4 5 0 0 0.906545
0 4 5 0 1 0.94092
0 4 5 0 2 0.942045
0 4 5 0 3 0.921864
0 4 5 0 4 0.848445
0 4 5 0 5 0.694503
0 4 5 0 6 0.806718
0 4 5 0 7 0.88653
0 4 5 0 8 0.886877
0 4 5 0 9 0.740084
0 4 5 0 10 0.848265
0 4 5 0 11 0.902541
0 4 5 0 12 0.921645
0 4 5 0 13 0.920503
0 4 5 0 14 0.89101
0 4 5 0 15 0.877059
0 4 5 0 16 0.89252
0 4 5 0 17 0.917573
0 4 5 0 18 0.918712
0 4 5 0 19 0.922295
0 4 5 0 20 0.906267
0 4 5 0 21 0.834677
0 4 5 0 22 0.827915
0 4 5 0 23 0.887576
0 4 5 0 24 0.887028
0 4 5 0 25 0.880646
0 4 5 0 26 0.878474
0 4 5 0 27 0.880948
0 4 5 0 28 0.897729
0 4 5 0 29 0.897308
0 4 5 0 30 0.888031
0 4 5 0 31 0.896027
0 4 5 0 32 0.903147
0 4 5 0 33 0.902827
0 4 5 0 34 0.904957
0 4 5 0 35 0.919858
0 4 5 0 36 0.915137
0 4 5 0 37 0.916624
0 4 5 0 38 0.931087
0 4 5 0 39 0.934201
0 4 5 0 40 0.945553
0 4 5 0 41 0.945295
0 4 5 0 42 0.952824
0 4 5 0 43 0.94852
0 4 5 0 44 0.94637
0 4 5 0 45 0.942366
0 4 5 0 46 0.928233
0 4 5 0 47 0.905773
0 4 5 0 48 0.74522
0 4 5 0 49 0.594153
0 4 5 0 50 0.860151
0 4 5 0 51 0.919576
0 4 5 0 52 0.922419
0 4 5 0 53 0.862627
0 4 5 0 54 0.721953
0 4 5 0 55 0.874783
0 4 5 0 56 0.878294
0 4 5 0 57 0.875872
0 4 5 0 58 0.875872
0 4 0 1 0 0.352621
0 4 0 1 1 0.352621
0 4 0 1 2 0.42326
0 4 0 1 3 0.417746
0 4 0 1 4 0.441018
0 4 0 1 5 0.439709
0 4 0 1 6 0.42569
0 4 0 1 7 0.441119
0 4 0 1 8 0.448974
0 4 0 1 9 0.446656
0 4 0 1 10 0.422879
0 4 0 1 11 0.392445
0 4 0 1 12 0.307375
0 4 0 1 13 0.201649
0 4 0 1 14 0.200398
0 4 0 1 15 0.183834
0 4 0 1 16 0.257831
0 4 0 1 17 0.196051
0 4 0 1 18 0.247816
0 4 0 1 19 0.40267
0 4 0 1 20 0.724269
0 4 0 1 21 0.854638
0 4 0 1 22 0.892426
0 4 0 1 23 0.90761
0 4 0 1 24 0.916181
0 4 0 1 25 0.924599
0 4 0 1 26 0.908315
0 4 0 1 27 0.888135
0 4 0 1 28 0.90533
0 4 0 1 29 0.896761
0 4 0 1 30 0.733694
0 4 0 1 31 0.412966
0 4 0 1 32 0.354814
0 4 0 1 33 0.571131
0 4 0 1 34 0.83639
0 4 0 1 35 0.908413
0 4 0 1 36 0.880426
0 4 0 1 37 0.876033
0 4 0 1 38 0.905792
0 4 0 1 39 0.861365
0 4 0 1 40 0.895824
0 4 0 1 41 0.938369
0 4 0 1 42 0.944765
0 4 0 1 43 0.947426
0 4 0 1 44 0.945943
0 4 0 1 45 0.942221
0 4 0 1 46 0.942586
0 4 0 1 47 0.917164
0 4 0 1 48 0.929187
0 4 0 1 49 0.961407
0 4 0 1 50 0.946534
0 4 0 1 51 0.929041
0 4 0 1 52 0.90094
0 4 0 1 53 0.946371
0 4 0 1 54 0.926339
0 4 0 1 55 0.919437
0 4 0 1 56 0.933758
0 4 0 1 57 0.916121
0 4 0 1 58 0.917948
0 4 0 1 59 0.933019
0 4 0 1 60 0.933019
0 4 0 1 61 0.933019
0 4 0 1 62 0.933019
0 4 0 1 63 0.933019
0 4 1 1 0 0.862479
0 4 1 1 1 0.88203
0 4 1 1 2 0.881008
0 4 1 1 3 0.868939
0 4 1 1 4 0.857033
0 4 1 1 5 0.785873
0 4 1 1 6 0.848004
0 4 1 1 7 0.896942
0 4 1 1 8 0.905308
0 4 1 1 9 0.910405
0 4 1 1 10 0.902972
0 4 1 1 11 0.916314
0 4 1 1 12 0.927183
0 4 1 1 13 0.929723
0 4 1 1 14 0.93957
0 4 1 1 15 0.942883
0 4 1 1 16 0.941949
0 4 1 1 17 0.940385
0 4 1 1 18 0.919399
0 4 1 1 19 0.865094
0 4 1 1 20 0.896989
0 4 1 1 21 0.948652
0 4 1 1 22 0.945713
0 4 1 1 23 0.946204
0 4 1 1 24 0.943311
0 4 1 1 25 0.903382
0 4 2 1 0 0.692718
0 4 2 1 1 0.692718
0 4 2 1 2 0.692718
0 4 2 1 3 0.692718
0 4 2 1 4 0.692718
0 4 2 1 5 0.73582
0 4 2 1 6 0.702039
0 4 2 1 7 0.652719
0 4 2 1 8 0.621381
0 4 2 1 9 0.644138
0 4 2 1 10 0.629038
0 4 2 1 11 0.571595
0 4 2 1 12 0.547225
0 4 2 1 13 0.636022
0 4 2 1 14 0.600658
0 4 2 1 15 0.595
0 4 2 1 16 0.610138
0 4 2 1 17 0.676281
0 4 2 1 18 0.660479
0 4 2 1 19 0.648841
0 4 2 1 20 0.711328
0 4 2 1 21 0.729449
0 4 2 1 22 0.867189
0 4 2 1 23 0.871199
0 4 2 1 24 0.856779
0 4 2 1 25 0.808643
0 4 2 1 26 0.774687
0 4 2 1 27 0.731169
0 4 2 1 28 0.629494
0 4 2 1 29 0.535951
0 4 2 1 30 0.503892
0 4 2 1 31 0.446872
0 4 2 1 32 0.387256
0 4 2 1 33 0.45423
0 4 2 1 34 0.429317
0 4 2 1 35 0.478747
0 4 2 1 36 0.467005
0 4 2 1 37 0.612424
0 4 2 1 38 0.484635
0 4 2 1 39 0.49302
0 4 2 1 40 0.471424
0 4 2 1 41 0.527446
0 4 2 1 42 0.575683
0 4 2 1 43 0.754937
0 4 2 1 44 0.854821
0 4 2 1 45 0.844114
0 4 2 1 46 0.785546
0 4 2 1 47 0.637858
0 4 2 1 48 0.137605
0 4 2 1 49 0.537867
0 4 2 1 50 0.638241
0 4 2 1 51 0.618308
0 4 2 1 52 0.606219
0 4 2 1 53 0.616589
0 4 2 1 54 0.704069
0 4 2 1 55 0.612123
0 4 2 1 56 0.630626
0 4 2 1 57 0.643282
0 4 2 1 58 0.647589
0 4 2 1 59 0.719771
0 4 2 1 60 0.783357
0 4 2 1 61 0.7538
0 4 2 1 62 0.663629
0 4 2 1 63 0.663629
0 4 3 1 0 0.573617
0 4 3 1 1 0.573617
0 4 3 1 2 0.573617
0 4 3 1 3 0.919617
0 4 3 1 4 0.918293
0 4 3 1 5 0.903496
0 4 3 1 6 0.878278
0 4 3 1 7 0.840615
0 4 3 1 8 0.542454
0 4 3 1 9 0.386207
0 4 3 1 10 0.203495
0 4 3 1 11 0.318776
0 4 3 1 12 0.432061
0 4 3 1 13 0.307201
0 4 3 1 14 0.348073
0 4 3 1 15 0.27645
0 4 3 1 16 0.206489
0 4 3 1 17 0.324141
0 4 3 1 18 0.622112
0 4 3 1 19 0.777865
0 4 3 1 20 0.844969
0 4 3 1 21 0.912284
0 4 3 1 22 0.914478
0 4 3 1 23 0.906503
0 4 3 1 24 0.916596
0 4 3 1 25 0.89217
0 4 3 1 26 0.827893
0 4 3 1 27 0.747746
0 4 3 1 28 0.709907
0 4 3 1 29 0.652589
0 4 3 1 30 0.65777
0 4 3 1 31 0.634368
0 4 3 1 32 0.648342
0 4 3 1 33 0.754309
0 4 3 1 34 0.814118
0 4 3 1 35 0.80114
0 4 3 1 36 0.771999
0 4 3 1 37 0.722818
0 4 3 1 38 0.649729
0 4 3 1 39 0.592142
0 4 3 1 40 0.647782
0 4 3 1 41 0.830801
0 4 3 1 42 0.898038
0 4 3 1 43 0.908474
0 4 3 1 44 0.888379
0 4 3 1 45 0.887658
0 4 3 1 46 0.882941
0 4 3 1 47 0.883816
0 4 3 1 48 0.870764
0 4 3 1 49 0.859776
0 4 3 1 50 0.843107
0 4 3 1 51 0.844344
0 4 3 1 52 0.848293
0 4 3 1 53 0.832699
0 4 3 1 54 0.803194
0 4 3 1 55 0.791608
0 4 3 1 56 0.816024
0 4 3 1 57 0.800651
0 4 3 1 58 0.751178
0 4 3 1 59 0.641417
0 4 3 1 60 0.419034
0 4 3 1 61 0.137586
0 4 3 1 62 0.823761
0 4 3 1 63 0.823761
0 4 4 1 0 0.911612
0 4 4 1 1 0.902751
0 4 4 1 2 0.944707
0 4 4 1 3 0.918554
0 4 4 1 4 0.926323
0 4 4 1 5 0.928412
0 4 4 1 6 0.924961
0 4 4 1 7 0.930146
0 4 4 1 8 0.91457
0 4 4 1 9 0.920772
0 4 4 1 10 0.916966
0 4 4 1 11 0.923091
0 4 4 1 12 0.925975
0 4 4 1 13 0.936277
0 4 4 1 14 0.924483
0 4 4 1 15 0.921127
0 4 4 1 16 0.935805
0 4 4 1 17 0.939042
0 4 4 1 18 0.941267
0 4 4 1 19 0.937203
0 4 4 1 20 0.940156
0 4 4 1 21 0.946617
0 4 4 1 22 0.952884
0 4 4 1 23 0.958983
0 4 4 1 24 0.943387
0 4 4 1 25 0.909375
0 4 5 1 0 0.802106
0 4 5 1 1 0.802106
0 4 5 1 2 0.888199
0 4 5 1 3 0.765107
0 4 5 1 4 0.75914
0 4 5 1 5 0.736614
0 4 5 1 6 0.690184
0 4 5 1 7 0.661642
0 4 5 1 8 0.657536
0 4 5 1 9 0.700012
0 4 5 1 10 0.725475
0 4 5 1 11 0.73338
0 4 5 1 12 0.808492
0 4 5 1 13 0.84675
0 4 5 1 14 0.891063
0 4 5 1 15 0.896048
0 4 5 1 16 0.903505
0 4 5 1 17 0.916546
0 4 5 1 18 0.917288
0 4 5 1 19 0.922484
0 4 5 1 20 0.919475
0 4 5 1 21 0.928246
0 4 5 1 22 0.932386
0 4 5 1 23 0.925288
0 4 5 1 24 0.932444
0 4 5 1 25 0.923864
0 4 5 1 26 0.91997
0 4 5 1 27 0.922158
0 4 5 1 28 0.922755
0 4 5 1 29 0.916392
0 4 5 1 30 0.923822
0 4 5 1 31 0.917661
0 4 5 1 32 0.914776
0 4 5 1 33 0.917798
0 4 5 1 34 0.907992
0 4 5 1 35 0.905684
0 4 5 1 36 0.922287
0 4 5 1 37 0.92668
0 4 5 1 38 0.931248
0 4 5 1 39 0.928965
0 4 5 1 40 0.93594
0 4 5 1 41 0.94218
0 4 5 1 42 0.937875
0 4 5 1 43 0.938978
0 4 5 1 44 0.945971
0 4 5 1 45 0.955932
0 4 5 1 46 0.956652
0 4 5 1 47 0.92932
0 4 5 1 48 0.937169
0 4 5 1 49 0.941402
0 4 5 1 50 0.922139
0 4 5 1 51 0.913178
0 4 5 1 52 0.933287
0 4 5 1 53 0.925201
0 4 5 1 54 0.925522
0 4 5 1 55 0.925934
0 4 5 1 56 0.947225
0 4 5 1 57 0.927869
0 4 5 1 58 0.945525
0 4 5 1 59 0.951139
0 4 5 1 60 0.95745
0 4 5 1 61 0.944985
0 4 5 1 62 0.944985
0 4 5 1 63 0.944985
